sequence	start_position_windows	nb_GC	nb_ACGT	nb_MRWSYK	nb_N	GCrate	Nrate	MRWSYKrate
Sc0000000	2112432	0	5713775	157821	0.369708642709942	0.026878722582412	0
Sc0000001	1950589	0	5433553	150323	0.358989596678269	0.0269209058367342	0
Sc0000002	1676170	0	4566198	151923	0.367082198362839	0.0321998948310143	0
Sc0000003	1530168	0	4301687	134645	0.355713467762764	0.0303505238111124	0
Sc0000004	1512804	0	4249943	109766	0.355958656386686	0.0251773684895024	0
Sc0000005	1416416	0	3985857	99328	0.355360465766835	0.0243141987449773	0
Sc0000006	1403433	0	3951444	98124	0.355169654435189	0.0242307327596425	0
Sc0000007	1323706	0	3757877	107291	0.35224835725065	0.0277584311988509	0
Sc0000008	1309249	0	3739935	72260	0.350072661690644	0.0189549590196724	0
Sc0000009	1289895	0	3602153	103257	0.358090008947427	0.0278665518795491	0
Sc0000010	1245217	0	3564950	97455	0.34929438000533	0.0266095639340816	0
Sc0000011	1275934	0	3566844	86393	0.357720718932479	0.0236483425520983	0
Sc0000012	1286022	0	3554039	72318	0.361848026991263	0.0199423277961877	0
Sc0000013	1276856	0	3473628	78491	0.367585705780815	0.0220969511438102	0
Sc0000014	1207817	0	3369819	116478	0.358421921177369	0.0334102344120423	0
Sc0000015	1172382	0	3355242	85155	0.349418015153601	0.0247515039688734	0
Sc0000016	1186525	0	3327073	101474	0.356627281697757	0.0295967942104921	0
Sc0000017	1170905	0	3293282	81423	0.355543497337914	0.0241274422505078	0
Sc0000018	1098350	0	3130773	89466	0.350823901956482	0.0277824099391381	0
Sc0000019	1052943	0	3030434	73763	0.347456172944205	0.0237623449800383	0
Sc0000020	1092427	0	2991019	53771	0.365235727355794	0.0176600028244969	0
Sc0000021	1036537	0	2904673	80991	0.356851528554161	0.0271266291183469	0
Sc0000022	1014169	0	2901589	66783	0.349521934360793	0.0224981909275522	0
Sc0000023	992199	0	2833682	114084	0.350144793946533	0.0387018508253369	0
Sc0000024	1008438	0	2873796	70021	0.350907997644927	0.0237857855974064	0
Sc0000025	1009184	0	2836693	72954	0.355760739706412	0.0250731446117003	0
Sc0000026	1020068	0	2843600	62418	0.358724152482768	0.0214788759051045	0
Sc0000027	962654	0	2751857	61123	0.349819776245641	0.0217289138209301	0
Sc0000028	968763	0	2739736	65499	0.353597207906163	0.0233488459968594	0
Sc0000029	988233	0	2734895	67632	0.361342208750245	0.0241325061275056	0
Sc0000030	973034	0	2708041	93461	0.359312875986737	0.0333610327602836	0
Sc0000031	979653	0	2726001	58660	0.359373675945093	0.0210654007794845	0
Sc0000032	964360	0	2701518	63066	0.356969674086939	0.0228121120573656	0
Sc0000033	954483	0	2689133	66518	0.354940793185015	0.024138760677604	0
Sc0000034	939798	0	2627923	103850	0.357620067254634	0.0380156037855268	0
Sc0000035	962082	0	2656498	64797	0.362161763344072	0.0238110899406349	0
Sc0000036	950640	0	2600705	104218	0.365531653916919	0.0385290080346095	0
Sc0000037	945068	0	2647294	48295	0.35699397195778	0.0179163069740973	0
Sc0000038	929328	0	2608484	73859	0.356271305478584	0.0275352555582936	0
Sc0000039	911416	0	2571763	72477	0.354393464716617	0.0274093879526821	0
Sc0000040	917911	0	2556393	52321	0.359064901210416	0.020056242271096	0
Sc0000041	884776	0	2491815	75175	0.355072908703094	0.0292852718553637	0
Sc0000042	855573	0	2437926	94503	0.350942973658757	0.0373171370253618	0
Sc0000043	859199	0	2416794	93517	0.35551188889082	0.0372531530953734	0
Sc0000044	898408	0	2432355	75853	0.369357268984174	0.0302419097618698	0
Sc0000045	856906	0	2392126	102649	0.358219424896515	0.0411455942920704	0
Sc0000046	851527	0	2421100	69284	0.351710792614927	0.027820609191193	0
Sc0000047	849214	0	2437034	37827	0.348462105986211	0.0152844947655646	0
Sc0000048	830544	0	2365726	64804	0.351073623910799	0.0266624974799735	0
Sc0000049	830511	0	2339488	75747	0.354996905305776	0.0313621655863715	0
Sc0000050	815086	0	2336162	50654	0.348899605421199	0.0212224151338017	0
Sc0000051	802858	0	2292091	57954	0.350273178508183	0.0246608043675759	0
Sc0000052	805967	0	2280261	67515	0.353453837082685	0.0287570023716061	0
Sc0000053	797028	0	2266267	59634	0.351692011576747	0.0256390964189791	0
Sc0000054	796138	0	2208000	85612	0.360569746376812	0.0373262783766391	0
Sc0000055	803622	0	2226352	65601	0.360959093620416	0.028622314680973	0
Sc0000056	783995	0	2220212	46215	0.353117179800848	0.020391126650009	0
Sc0000057	780700	0	2196648	65414	0.35540514456572	0.0289178634361039	0
Sc0000058	777156	0	2197585	53137	0.353640928564765	0.0236088686208248	0
Sc0000059	780189	0	2175225	74100	0.358670482363893	0.0329432162982228	0
Sc0000060	768595	0	2176075	51379	0.353202440173248	0.0230662451390691	0
Sc0000061	804532	0	2166570	58497	0.371339028972062	0.026289994863076	0
Sc0000062	779861	0	2186340	35012	0.356697037057365	0.0157615722316859	0
Sc0000063	770675	0	2163507	46452	0.356215625833427	0.0210193944774541	0
Sc0000064	766952	0	2158513	45968	0.35531497841338	0.0208520735719655	0
Sc0000065	744592	0	2073996	94612	0.35901322856939	0.0436279862473993	0
Sc0000066	741401	0	2104759	40039	0.352249830028046	0.0186679584744111	0
Sc0000067	747996	0	2088318	55025	0.35818108161688	0.0256725125189949	0
Sc0000068	759541	0	2116582	23958	0.358852621821408	0.0111925028263896	0
Sc0000069	740929	0	2068001	53853	0.358282708760779	0.0253801628198736	0
Sc0000070	708912	0	2064319	57282	0.343412040484053	0.0269994216631685	0
Sc0000071	728714	0	2047801	69158	0.355851960224651	0.0326685590037407	0
Sc0000072	715395	0	2013909	75832	0.355227073318606	0.0362877504915681	0
Sc0000073	708691	0	1990914	83673	0.355962638265641	0.0403323649478185	0
Sc0000074	699546	0	2005125	54710	0.34887899756873	0.026560379836249	0
Sc0000075	701647	0	2005371	53963	0.34988388682194	0.0262041028798631	0
Sc0000076	724171	0	1984720	57210	0.364873130718691	0.028017610789792	0
Sc0000077	697864	0	2004957	31978	0.348069310214633	0.0156990772901443	0
Sc0000078	711170	0	1956196	57985	0.363547415494153	0.0287883760198314	0
Sc0000079	696036	0	1932050	76475	0.360257757304418	0.0380752044410699	0
Sc0000080	686543	0	1920573	72970	0.357467797370889	0.0366031733451448	0
Sc0000081	673470	0	1922484	55658	0.350312408321734	0.028136503850583	0
Sc0000082	684056	0	1898798	70222	0.360257383881803	0.035663426476115	0
Sc0000083	684638	0	1905882	57623	0.359223708498218	0.0293470095568893	0
Sc0000084	674155	0	1894052	68769	0.355932677666717	0.0350357979662944	0
Sc0000085	667104	0	1903553	57320	0.350452023137785	0.0292318778421652	0
Sc0000086	698872	0	1921056	27883	0.363795745673213	0.0143067587030687	0
Sc0000087	688311	0	1895048	45909	0.363215601926706	0.0236527651050487	0
Sc0000088	678348	0	1880353	54729	0.360755666622171	0.0282825223943998	0
Sc0000089	665778	0	1879363	55706	0.354257266956942	0.0287876039562414	0
Sc0000090	660301	0	1874982	34401	0.352163914106909	0.0180168148558985	0
Sc0000091	660179	0	1846568	55568	0.35751675540787	0.0292134736948357	0
Sc0000092	673414	0	1857801	38273	0.362479081451673	0.0201853936080554	0
Sc0000093	675652	0	1847051	47655	0.365800402912535	0.0251516594131227	0
Sc0000094	653053	0	1841276	45840	0.354674149883016	0.0242910345733914	0
Sc0000095	652107	0	1839115	46188	0.354576521859699	0.0244989797395962	0
Sc0000096	629419	0	1813493	65665	0.347075505667791	0.0349438418696033	0
Sc0000097	647281	0	1815495	60844	0.356531414297478	0.0324269761487663	0
Sc0000098	660811	0	1830218	39542	0.361055896073583	0.0211481687489303	0
Sc0000099	633197	0	1821252	46495	0.347671272289612	0.0248936285267758	0
Sc0000100	655283	0	1812219	41189	0.361591507428186	0.022223385244911	0
Sc0000101	623722	0	1774409	70333	0.351509713938556	0.038126198677105	0
Sc0000102	621605	0	1778864	64536	0.349439305084593	0.035009222089617	0
Sc0000103	616905	0	1769014	56273	0.348728161563447	0.0308296722652383	0
Sc0000104	622209	0	1751920	51311	0.355158340563496	0.0284550343244986	0
Sc0000105	632043	0	1757013	44127	0.359725852910593	0.0244994836603484	0
Sc0000106	632925	0	1729828	61887	0.365888978557406	0.0345406496010805	0
Sc0000107	647287	0	1759259	20672	0.367931612116238	0.0116139333491017	0
Sc0000108	620200	0	1736927	37641	0.357067395463367	0.0212113596097754	0
Sc0000109	632305	0	1711416	44936	0.369463064503312	0.0255848485952702	0
Sc0000110	592436	0	1697361	50711	0.349033588022819	0.0290096746587097	0
Sc0000111	603140	0	1653355	92955	0.364797638740621	0.0532293808086766	0
Sc0000112	599380	0	1692783	52682	0.354079642813048	0.0301822150544411	0
Sc0000113	593862	0	1714244	29220	0.34642792974629	0.0167597380846407	0
Sc0000114	595405	0	1715710	26272	0.347031258196315	0.0150816713375913	0
Sc0000115	596918	0	1676420	62314	0.356067095357965	0.0358387194360955	0
Sc0000116	589247	0	1669682	66309	0.352909715742279	0.0381966265954144	0
Sc0000117	592045	0	1643320	58035	0.36027371418835	0.0341110467832992	0
Sc0000118	579489	0	1661807	38142	0.348710169111094	0.0224371437025464	0
Sc0000119	589946	0	1665052	32210	0.354310856357639	0.0189776239614155	0
Sc0000120	603197	0	1659946	33633	0.363383507656273	0.0198591267369281	0
Sc0000121	579763	0	1632499	55386	0.35513834924248	0.0328138469149261	0
Sc0000122	568614	0	1605230	67793	0.354225874173794	0.0405212600185413	0
Sc0000123	578802	0	1610575	52512	0.359375999254924	0.0315750168211284	0
Sc0000124	562877	0	1612300	47547	0.349114308751473	0.0286454112939325	0
Sc0000125	557890	0	1588329	62159	0.351243350716382	0.0376609826911798	0
Sc0000126	563919	0	1607500	40960	0.350804976671851	0.024847433362047	0
Sc0000127	586134	0	1604511	39012	0.365303821538151	0.0237368141486307	0
Sc0000128	577082	0	1595019	44407	0.361802586677651	0.0270869194461964	0
Sc0000129	564284	0	1597326	32836	0.353267898976164	0.0201427833552739	0
Sc0000130	540940	0	1540773	70961	0.351083514573529	0.0440277365868065	0
Sc0000131	555287	0	1568845	30946	0.353946374562178	0.019343776780842	0
Sc0000132	556830	0	1555262	44151	0.358029708177786	0.0276045024018187	0
Sc0000133	550712	0	1556777	38030	0.35375137222608	0.0238461456464638	0
Sc0000134	562625	0	1550874	41840	0.362779310246996	0.0262696253062383	0
Sc0000135	551183	0	1538701	40087	0.358213194116336	0.0253909961312095	0
Sc0000136	548779	0	1553774	24368	0.353191004611996	0.015440942576777	0
Sc0000137	544271	0	1538666	37052	0.353729139397374	0.0235143598029597	0
Sc0000138	539681	0	1515002	55596	0.356224612244736	0.0353979821698487	0
Sc0000139	549045	0	1521858	43583	0.360772818488979	0.027840717088667	0
Sc0000140	554972	0	1520860	44159	0.3649066975264	0.0282162708567755	0
Sc0000141	530174	0	1523147	39344	0.348078025298937	0.025180305038557	0
Sc0000142	551049	0	1511830	43845	0.364491377998849	0.0281839073071175	0
Sc0000143	518254	0	1503476	48847	0.344703872891885	0.0314670336006102	0
Sc0000144	530069	0	1488509	62542	0.356107353062696	0.0403223362739201	0
Sc0000145	537249	0	1514760	35267	0.35467598827537	0.0227525068918154	0
Sc0000146	512037	0	1471123	63216	0.348058591973615	0.0412008037337251	0
Sc0000147	531432	0	1497353	35773	0.354914305444341	0.0233333724690599	0
Sc0000148	518863	0	1470915	55855	0.352748459292345	0.0365837683475573	0
Sc0000149	544499	0	1477896	46871	0.36842849564516	0.0307397786022389	0
Sc0000150	537063	0	1488553	33804	0.360795349577744	0.0222050412616752	0
Sc0000151	527800	0	1477323	40505	0.357267841900519	0.0266861594330846	0
Sc0000152	513426	0	1461160	52605	0.351382463248378	0.0347511007322801	0
Sc0000153	529990	0	1475988	37403	0.359074735024946	0.0247146969950264	0
Sc0000154	508622	0	1471388	35213	0.345674968125335	0.0233724788447638	0
Sc0000155	510337	0	1459009	32309	0.349783311823299	0.0216647287835324	0
Sc0000156	513115	0	1437473	48520	0.356956269787328	0.0326515669993062	0
Sc0000157	524441	0	1464912	19115	0.358001709317693	0.0128804934142034	0
Sc0000158	520816	0	1441493	36983	0.361303176637001	0.0250142714524957	0
Sc0000159	512348	0	1427295	49244	0.358964334632995	0.0333509646545062	0
Sc0000160	501595	0	1427230	44321	0.351446508271267	0.030118561979843	0
Sc0000161	511010	0	1430692	32161	0.357176806748063	0.0219851208562993	0
Sc0000162	524233	0	1434524	26982	0.365440383012065	0.0184617784668691	0
Sc0000163	508922	0	1384357	66394	0.367623380385262	0.0457652622676117	0
Sc0000164	480682	0	1378449	69266	0.348712212058625	0.0478450523756402	0
Sc0000165	511422	0	1413634	32574	0.361778225481277	0.0225237310262424	0
Sc0000166	495177	0	1416241	29838	0.349641762948538	0.020633727479619	0
Sc0000167	511934	0	1407587	31404	0.363696169401962	0.0218236250261468	0
Sc0000168	489334	0	1394805	41637	0.350826101139586	0.0289862034109278	0
Sc0000169	495356	0	1401091	33002	0.353550197667389	0.0230124545618729	0
Sc0000170	490080	0	1379965	48152	0.355139441942368	0.0337171254175953	0
Sc0000171	497680	0	1386584	37646	0.358925243620293	0.0264325284539716	0
Sc0000172	488531	0	1378291	43270	0.354446920135153	0.0304383702141519	0
Sc0000173	498636	0	1393448	25924	0.357843277969469	0.0182644155302486	0
Sc0000174	482364	0	1373079	44512	0.351300981225407	0.0313997478821465	0
Sc0000175	490636	0	1374601	32383	0.356929756343841	0.0230158978353698	0
Sc0000176	482470	0	1370423	35100	0.352059181727102	0.0249729104397438	0
Sc0000177	483500	0	1366716	27228	0.353767717653119	0.0195330658907388	0
Sc0000178	485943	0	1368532	24871	0.355083403237922	0.0178491075446228	0
Sc0000179	480025	0	1343248	49420	0.357361410551142	0.0354858444367215	0
Sc0000180	475895	0	1335649	52865	0.356302441734318	0.0380730766848588	0
Sc0000181	483400	0	1350261	35022	0.358004859801179	0.0252814767812786	0
Sc0000182	448493	0	1327877	53322	0.337751915275285	0.0386055883330353	0
Sc0000183	471808	0	1337144	43960	0.352847561668751	0.0318296087767467	0
Sc0000184	473135	0	1354508	25867	0.349303953907987	0.0187391107488907	0
Sc0000185	476939	0	1332078	41906	0.35804134592719	0.0304996273610173	0
Sc0000186	478910	0	1336227	31664	0.358404672260028	0.0231480432285906	0
Sc0000187	460828	0	1324410	35101	0.347949653053058	0.0258188422160615	0
Sc0000188	488497	0	1337461	20615	0.365242051917776	0.0151795628521526	0
Sc0000189	462745	0	1323053	31435	0.349755451973579	0.0232080313742167	0
Sc0000190	467570	0	1317569	33601	0.354873255214717	0.0248680772959731	0
Sc0000191	466008	0	1307339	35191	0.35645536467588	0.0262124496286861	0
Sc0000192	464954	0	1292378	44032	0.359766260335598	0.0329479725533332	0
Sc0000193	472924	0	1298509	36353	0.364205407894747	0.0272335267615679	0
Sc0000194	455895	0	1272276	60715	0.358330267960725	0.0455479444347336	0
Sc0000195	446435	0	1278495	46293	0.349187912350068	0.0349437042002192	0
Sc0000196	444314	0	1274815	45320	0.348532139957562	0.034329822328777	0
Sc0000197	469332	0	1293058	25485	0.362962836933842	0.0193281523621148	0
Sc0000198	455635	0	1294775	23322	0.351902840261822	0.0176936902215846	0
Sc0000199	465302	0	1287196	29124	0.361484964216794	0.0221253190713504	0
Sc0000200	446321	0	1249530	65485	0.357191103855049	0.0497979110504443	0
Sc0000201	451090	0	1280258	34491	0.352343043355324	0.0262339047224984	0
Sc0000202	471871	0	1286310	26777	0.36684080820331	0.0203924035498029	0
Sc0000203	461492	0	1277963	33387	0.361115306155186	0.0254600221146147	0
Sc0000204	445096	0	1271421	39419	0.350077590349695	0.0300715571694486	0
Sc0000205	453585	0	1277563	31775	0.35503924268314	0.0242679888615468	0
Sc0000206	470943	0	1285251	22368	0.366421033712481	0.0171059001131063	0
Sc0000207	459790	0	1267586	37425	0.362728840488929	0.0286779191899532	0
Sc0000208	439140	0	1245626	49317	0.352545627660309	0.0380843017800784	0
Sc0000209	455560	0	1267178	23738	0.359507504075986	0.0183884931320086	0
Sc0000210	442350	0	1240392	39953	0.356621132674187	0.0312048705622313	0
Sc0000211	433063	0	1242457	35692	0.348553712522848	0.0279247568163023	0
Sc0000212	434425	0	1224178	43247	0.354870778595923	0.0341219401542498	0
Sc0000213	435367	0	1215897	40030	0.358062401667247	0.0318728715920591	0
Sc0000214	418316	0	1205633	50007	0.34696794132211	0.0398259055143194	0
Sc0000215	422388	0	1204973	24424	0.350537314943986	0.019866650073166	0
Sc0000216	407852	0	1160013	59412	0.351592611462113	0.0487213235746356	0
Sc0000217	437033	0	1179264	25984	0.370598101866927	0.0215590484282073	0
Sc0000218	416665	0	1182588	21967	0.352333187889612	0.0182366102004475	0
Sc0000219	420546	0	1175124	25585	0.357873722262502	0.0213082437126731	0
Sc0000220	433101	0	1173797	26227	0.368974362687926	0.0218553962254088	0
Sc0000221	408515	0	1162018	27772	0.351556516336236	0.0233419342909253	0
Sc0000222	427319	0	1166895	22872	0.366201757656002	0.0192239320808192	0
Sc0000223	406833	0	1159619	27193	0.35083333405196	0.0229126432830137	0
Sc0000224	404062	0	1144630	40432	0.353006648436613	0.0341180461444211	0
Sc0000225	406712	0	1157074	26290	0.351500422617741	0.0222163256614195	0
Sc0000226	403688	0	1138574	44642	0.354555786448663	0.0377293748563238	0
Sc0000227	403826	0	1139788	41245	0.354299220556805	0.034922817567333	0
Sc0000228	411312	0	1148020	26039	0.358279472483058	0.0221786128295086	0
Sc0000229	399921	0	1140576	30078	0.350630733944954	0.025693330394805	0
Sc0000230	389711	0	1139605	27288	0.341970244075798	0.0233851775612674	0
Sc0000231	397204	0	1127793	36931	0.352195837356678	0.0317079411087949	0
Sc0000232	393909	0	1127278	36195	0.349433768777533	0.0311094455995111	0
Sc0000233	417463	0	1118887	44262	0.373105595113716	0.0380535941654938	0
Sc0000234	390498	0	1114961	40788	0.350234671885384	0.035291399776249	0
Sc0000235	393279	0	1110358	42529	0.354191170775552	0.0368891313719384	0
Sc0000236	383920	0	1101570	47496	0.348520747660158	0.041334440319355	0
Sc0000237	398750	0	1117172	29126	0.356928028987479	0.0254087506041186	0
Sc0000238	393797	0	1112649	29288	0.353927429045458	0.0256476495638551	0
Sc0000239	389254	0	1080010	59244	0.360417033175619	0.0520024507265281	0
Sc0000240	375299	0	1088815	48771	0.344685736328026	0.0428723630565074	0
Sc0000241	397042	0	1102301	29788	0.360193812760761	0.0263124188999275	0
Sc0000242	379017	0	1095070	34040	0.346112120686349	0.0301476384054698	0
Sc0000243	395946	0	1095264	29681	0.361507362608467	0.0263844010151607	0
Sc0000244	381452	0	1091390	26315	0.349510257561458	0.0235437794409079	0
Sc0000245	390513	0	1097712	18210	0.355751781888146	0.0163183448305527	0
Sc0000246	383370	0	1070226	40724	0.358214059460338	0.0366569152527116	0
Sc0000247	389134	0	1080416	26990	0.360170526908154	0.0243722717774691	0
Sc0000248	373012	0	1078101	28260	0.34598984696239	0.0255431997331793	0
Sc0000249	377071	0	1059617	42305	0.355855936626158	0.0383920095977755	0
Sc0000250	374384	0	1067638	32700	0.35066567506964	0.0297181411529912	0
Sc0000251	379718	0	1064157	35745	0.356825167714914	0.0324983498529869	0
Sc0000252	367483	0	1058394	31961	0.347208128541923	0.0293124716262135	0
Sc0000253	378104	0	1057812	30986	0.357439696278734	0.0284589060597099	0
Sc0000254	378277	0	1059264	26562	0.357113052081445	0.0244624829392555	0
Sc0000255	380910	0	1051273	30325	0.36233214398163	0.0280372190037334	0
Sc0000256	380428	0	1057440	22026	0.359763201694659	0.0204045333526021	0
Sc0000257	380514	0	1055507	22861	0.360503530530825	0.0211996275853883	0
Sc0000258	371989	0	1040770	37494	0.357417104643677	0.0347725603377281	0
Sc0000259	376249	0	1032659	36273	0.36434970304815	0.0339338704426474	0
Sc0000260	370397	0	1043482	24304	0.354962519717638	0.0227611150548893	0
Sc0000261	374728	0	1026883	39283	0.364917911777681	0.0368451066719441	0
Sc0000262	371443	0	1043277	14049	0.356034878560536	0.0132872926609201	0
Sc0000263	377906	0	1045689	7546	0.361394257757326	0.00716459289712173	0
Sc0000264	360872	0	1023408	22592	0.352617919734847	0.0215984703632887	0
Sc0000265	374182	0	1012901	31535	0.36941616209284	0.0301933292226618	0
Sc0000266	360102	0	1011018	31227	0.356177634819558	0.0299612854942936	0
Sc0000267	357984	0	991532	36690	0.361041297709	0.0356829556263142	0
Sc0000268	356293	0	999614	26105	0.356430582204731	0.0254504401302891	0
Sc0000269	358937	0	1004928	18811	0.357176832569099	0.0183748006083582	0
Sc0000270	352991	0	1002460	20207	0.352124773058277	0.0197591200263624	0
Sc0000271	357995	0	990088	31362	0.361578970758155	0.0307034118165353	0
Sc0000272	353956	0	995861	25242	0.355427112819962	0.0247203269405731	0
Sc0000273	355704	0	989001	32047	0.359659899231649	0.031386379484608	0
Sc0000274	358709	0	989617	27734	0.36247255251274	0.027260994484696	0
Sc0000275	369247	0	984312	27315	0.375132071944668	0.0270010586906043	0
Sc0000276	343229	0	982241	22007	0.349434609225231	0.0219139097115454	0
Sc0000277	345748	0	971574	29358	0.35586378392176	0.0293306638213185	0
Sc0000278	332626	0	956024	42703	0.347926411889241	0.0427574302086556	0
Sc0000279	336870	0	963954	34454	0.349466883274513	0.0345089382296616	0
Sc0000280	346014	0	971423	26275	0.35619292522413	0.0263356246078473	0
Sc0000281	348582	0	979097	17589	0.35602396902452	0.0176474837611846	0
Sc0000282	342445	0	948372	45710	0.361087210503895	0.0459821221991747	0
Sc0000283	353052	0	967773	25831	0.364808689641063	0.0259972785938865	0
Sc0000284	339946	0	962887	25704	0.353048696264463	0.0260006413167832	0
Sc0000285	338148	0	957510	28209	0.353153491869537	0.0286176892197472	0
Sc0000286	356857	0	959741	24994	0.371826357319318	0.0253814478006773	0
Sc0000287	346219	0	961114	20782	0.360226778509105	0.0211651743158135	0
Sc0000288	342855	0	953583	27720	0.359543951601486	0.0282481557684018	0
Sc0000289	331529	0	946712	22171	0.350189920482681	0.0228830519268064	0
Sc0000290	340677	0	940571	25798	0.362202321781131	0.0266958066742621	0
Sc0000291	341717	0	947253	19029	0.360745228571459	0.0196930088731861	0
Sc0000292	333973	0	928899	35010	0.35953639739089	0.0363208560144163	0
Sc0000293	333833	0	943168	18989	0.353948607247065	0.0197358643132046	0
Sc0000294	323560	0	913616	42996	0.35415316719497	0.0449461223568176	0
Sc0000295	330890	0	929145	25965	0.356123102422119	0.0271853503784904	0
Sc0000296	327423	0	921524	27938	0.355305993115752	0.0294250849428413	0
Sc0000297	333742	0	923455	22028	0.361405807537996	0.0232981449692908	0
Sc0000298	336204	0	911691	28875	0.368769681832989	0.0306996000280682	0
Sc0000299	320675	0	910176	30029	0.3523219684984	0.0319387793087678	0
Sc0000300	323639	0	898682	40022	0.360126273809868	0.0426353781383695	0
Sc0000301	319076	0	904791	33462	0.35265160683517	0.0356641545510646	0
Sc0000302	299691	0	869907	57798	0.344509240642965	0.0623021326822643	0
Sc0000303	312926	0	885723	32661	0.353300072370256	0.0355635551142006	0
Sc0000304	314489	0	896560	20743	0.350772954403498	0.0226130297186426	0
Sc0000305	325590	0	896245	19033	0.363282361407874	0.0207947749208437	0
Sc0000306	318407	0	890361	24056	0.35761561883326	0.0263074724113834	0
Sc0000307	316353	0	893047	18864	0.354240034399085	0.020686229248249	0
Sc0000308	311076	0	883389	24226	0.352139318012789	0.026691934355426	0
Sc0000309	328579	0	891847	14302	0.368425301649274	0.015783276260306	0
Sc0000310	315139	0	881585	20311	0.357468650215237	0.02252033493884	0
Sc0000311	314597	0	857183	43317	0.367012644907797	0.0481032759578012	0
Sc0000312	304772	0	859043	39631	0.354780843333803	0.044099417586355	0
Sc0000313	306249	0	875124	21434	0.349949264332826	0.0239069864972484	0
Sc0000314	325441	0	877025	19486	0.371073800632821	0.0217353719028545	0
Sc0000315	310369	0	869439	24209	0.356976165090363	0.027090084686588	0
Sc0000316	307678	0	851750	36415	0.361230407983563	0.0410002645904759	0
Sc0000317	297016	0	868298	18539	0.34206689408475	0.0209046307269543	0
Sc0000318	313112	0	861430	21152	0.363479330880048	0.0239660450813635	0
Sc0000319	308778	0	855474	25715	0.360943757495844	0.0291821618290741	0
Sc0000320	291727	0	865884	14690	0.336912334677624	0.0166823004085971	0
Sc0000321	305254	0	855940	23390	0.356630137626469	0.0265997975731523	0
Sc0000322	294854	0	856555	20545	0.344232419400972	0.0234237829209896	0
Sc0000323	307371	0	847744	26875	0.362575258568624	0.0307276654177419	0
Sc0000324	307458	0	860558	13507	0.357277487397712	0.0154530841527804	0
Sc0000325	291869	0	845349	24431	0.345264500224168	0.0280887120881142	0
Sc0000326	291447	0	841019	23409	0.346540327864174	0.0270803352043201	0
Sc0000327	291616	0	836718	25236	0.348523636398404	0.0292776644693336	0
Sc0000328	301623	0	829340	31995	0.363690404417971	0.0371458259562191	0
Sc0000329	291023	0	839339	18112	0.346728794920765	0.0211230729219512	0
Sc0000330	295099	0	841387	15712	0.35072921259777	0.0183316046337704	0
Sc0000331	300609	0	829607	24234	0.362351089130154	0.0283823334789498	0
Sc0000332	291360	0	814183	39436	0.357855666355107	0.0461985967978688	0
Sc0000333	290173	0	822219	28066	0.352914491151384	0.0330077562229135	0
Sc0000334	284989	0	801281	48952	0.355666738634761	0.0575748059649531	0
Sc0000335	304176	0	839507	10411	0.362326937119047	0.0122494170025814	0
Sc0000336	286442	0	820287	28245	0.349197293142522	0.0332869001994032	0
Sc0000337	293344	0	824102	21538	0.355955937493174	0.0254694669126342	0
Sc0000338	291013	0	810093	33561	0.359234063249528	0.039780526139863	0
Sc0000339	294548	0	826579	13747	0.356345854419239	0.0163591272910751	0
Sc0000340	288161	0	814496	23136	0.353790564962873	0.0276207212713936	0
Sc0000341	275822	0	800320	34707	0.344639644142343	0.0415639254778588	0
Sc0000342	276255	0	804004	22547	0.343599036820712	0.0272784135522188	0
Sc0000343	280237	0	807909	15817	0.346867035767642	0.0192017734052343	0
Sc0000344	298920	0	807825	15668	0.370030637823786	0.0190262698043578	0
Sc0000345	280616	0	797096	25813	0.352047934000422	0.0313679884410062	0
Sc0000346	280982	0	792820	22870	0.354408314623748	0.0280376123282129	0
Sc0000347	290543	0	799058	14012	0.36360689712136	0.0172334485345665	0
Sc0000348	287034	0	797884	12408	0.359744022940678	0.0153129982771643	0
Sc0000349	281831	0	796515	13500	0.353830122471014	0.0166663580304068	0
Sc0000350	278191	0	792595	15500	0.350987578776046	0.0191809131352131	0
Sc0000351	281139	0	779528	27185	0.360652856600404	0.0336984776494243	0
Sc0000352	288454	0	785629	15785	0.367163126615744	0.0196964365484007	0
Sc0000353	263564	0	769897	30285	0.34233670218224	0.0378476396619769	0
Sc0000354	284271	0	783385	15828	0.362875214613504	0.0198044826598166	0
Sc0000355	271317	0	776426	22670	0.349443475617767	0.0283695576000881	0
Sc0000356	291043	0	776508	15990	0.374810047031067	0.0201767070705541	0
Sc0000357	277437	0	762678	28937	0.363766884583009	0.0365543856546427	0
Sc0000358	274457	0	768027	22527	0.357353322213933	0.0284952071585243	0
Sc0000359	280703	0	772685	17352	0.363282579576412	0.0219635282904472	0
Sc0000360	271537	0	770328	19280	0.352495300703077	0.0244171791572527	0
Sc0000361	256632	0	757918	30765	0.338601273488689	0.039008067880251	0
Sc0000362	265633	0	759179	20670	0.349895084031566	0.0265051311215376	0
Sc0000363	264952	0	740306	35270	0.357895248721475	0.0454758785728285	0
Sc0000364	257246	0	726105	45318	0.35428209418748	0.0587459798320766	0
Sc0000365	265367	0	749796	20383	0.353918932616338	0.0264652762539617	0
Sc0000366	270190	0	755992	13225	0.357397961883195	0.0171928077512587	0
Sc0000367	265876	0	747734	19951	0.355575645884767	0.0259885239388551	0
Sc0000368	272114	0	751972	12123	0.361867197182874	0.0158658282019906	0
Sc0000369	266452	0	750307	12864	0.355123969255252	0.0168559864040955	0
Sc0000370	250284	0	733996	20148	0.340988234268307	0.0267163830780328	0
Sc0000371	262654	0	719621	32292	0.364989348559867	0.0429464579013795	0
Sc0000372	254441	0	715323	35457	0.355700851223853	0.0472268840405978	0
Sc0000373	261611	0	729644	15100	0.358546085488265	0.02027542350123	0
Sc0000374	256326	0	730352	12468	0.350962275724582	0.0167846853881156	0
Sc0000375	257338	0	713393	28912	0.360724032896314	0.0389489495557756	0
Sc0000376	258796	0	718621	19061	0.360128635261146	0.0258390471775101	0
Sc0000377	242344	0	682492	53623	0.355086946074093	0.072845954776088	0
Sc0000378	261076	0	716250	18316	0.364504013961606	0.0249344510908482	0
Sc0000379	252404	0	710443	21823	0.355276918767586	0.0298020118372285	0
Sc0000380	262845	0	717312	14676	0.366430507226981	0.0200495090083444	0
Sc0000381	248319	0	703021	27720	0.353217044725549	0.0379340970330117	0
Sc0000382	248650	0	710596	20038	0.349917534013701	0.0274254962128781	0
Sc0000383	256778	0	703317	27197	0.365095682316793	0.0372299504184725	0
Sc0000384	231712	0	702389	27199	0.329891271076284	0.0372799442973295	0
Sc0000385	248530	0	689927	35347	0.360226516718435	0.048736063887579	0
Sc0000386	253858	0	711454	10451	0.356815760400532	0.014476974117093	0
Sc0000387	257726	0	707212	12705	0.364425377397442	0.017647867740309	0
Sc0000388	245510	0	696656	22468	0.352412094347856	0.0312435685639751	0
Sc0000389	243987	0	692918	26102	0.352115257505217	0.0363021890907068	0
Sc0000390	238727	0	688354	29240	0.346808473547041	0.0407472749214737	0
Sc0000391	246489	0	695688	21377	0.354309690550937	0.0298118022773389	0
Sc0000392	244367	0	699853	14613	0.349169039784069	0.0204530376532963	0
Sc0000393	242888	0	685154	25435	0.35450132378998	0.0357942495591685	0
Sc0000394	239302	0	673961	34404	0.355068023223896	0.0485681816577612	0
Sc0000395	249066	0	693903	14302	0.358934894358433	0.0201947176311944	0
Sc0000396	236208	0	669848	30397	0.352629253203712	0.0434090925318995	0
Sc0000397	242608	0	666557	31406	0.36397187337317	0.0449966545504561	0
Sc0000398	236853	0	670896	25985	0.353039815411032	0.0372875713357087	0
Sc0000399	238055	0	686124	9171	0.346956235316065	0.0131900847841564	0
Sc0000400	245124	0	666589	26399	0.367728840409908	0.038094454738033	0
Sc0000401	234886	0	675914	15657	0.347508706728963	0.0226397578845845	0
Sc0000402	234944	0	664805	22567	0.353402877535518	0.0328308397781696	0
Sc0000403	238142	0	677272	8944	0.351619437980605	0.0130337969385733	0
Sc0000404	230707	0	652518	29996	0.353564192865178	0.0439492816264575	0
Sc0000405	232426	0	664800	12357	0.349617930204573	0.0182483530407276	0
Sc0000406	223054	0	650997	25787	0.342634451464446	0.0381022601007116	0
Sc0000407	235846	0	657234	19107	0.35884631653262	0.0282505422560513	0
Sc0000408	226680	0	647235	28785	0.350228278755012	0.0425801011804385	0
Sc0000409	228864	0	654707	18407	0.34956705824132	0.0273460364811904	0
Sc0000410	230199	0	643094	28629	0.357955446637661	0.042620246738611	0
Sc0000411	233684	0	652347	17611	0.358220394973841	0.0262867224512581	0
Sc0000412	233544	0	626584	40457	0.372725763824164	0.0606514442140738	0
Sc0000413	226122	0	640489	26203	0.353045875885456	0.0393030064857535	0
Sc0000414	228132	0	648196	11678	0.351949101814883	0.0176973179728251	0
Sc0000415	231458	0	646964	7624	0.357760246319733	0.0116470207214309	0
Sc0000416	218782	0	627370	26933	0.348728820313372	0.0411628863080255	0
Sc0000417	224423	0	630336	23934	0.356037097674891	0.036581227933422	0
Sc0000418	220343	0	641452	11375	0.343506606885628	0.0174242180547067	0
Sc0000419	227789	0	644297	7184	0.353546578674121	0.0110271826806921	0
Sc0000420	221459	0	630752	19582	0.351103127695196	0.03011068158823	0
Sc0000421	224833	0	635448	13076	0.35381809369138	0.0201627079337079	0
Sc0000422	229419	0	637326	10904	0.359971192137148	0.0168211900097188	0
Sc0000423	232756	0	629858	12561	0.369537260779414	0.0195526595570803	0
Sc0000424	231227	0	624747	16745	0.370113021751205	0.0261032093931023	0
Sc0000425	229036	0	631918	8938	0.362445760367643	0.013946970926386	0
Sc0000426	223031	0	629420	8339	0.354343681484541	0.0130754720827146	0
Sc0000427	223153	0	616520	18657	0.361955816518523	0.0293729149512656	0
Sc0000428	212224	0	601933	32297	0.352570801069222	0.0509231666745502	0
Sc0000429	215666	0	618287	14857	0.348812121231726	0.0234654359829675	0
Sc0000430	229682	0	618249	14686	0.371504038017045	0.0232030145275581	0
Sc0000431	217936	0	606410	25927	0.359387213271549	0.0410018708378602	0
Sc0000432	215534	0	615996	10803	0.349895129189151	0.0172351902284464	0
Sc0000433	226636	0	613154	11068	0.369623292027778	0.0177308713887047	0
Sc0000434	214568	0	601737	20165	0.356581031247871	0.0324247228663037	0
Sc0000435	212986	0	610102	7755	0.349099003117512	0.0125514479887741	0
Sc0000436	216167	0	586887	27809	0.368328144941019	0.0452402488384502	0
Sc0000437	218426	0	600196	14238	0.363924451345894	0.0231725457901093	0
Sc0000438	218052	0	597819	12842	0.364745851168999	0.0210296711268609	0
Sc0000439	206458	0	605802	2419	0.340801119837835	0.00397717277108156	0
Sc0000440	216919	0	600438	6008	0.361267941069686	0.00990690020216145	0
Sc0000441	201156	0	581059	23668	0.346188597027152	0.0391383219204699	0
Sc0000442	212187	0	577393	26723	0.367491465951267	0.0442348820425216	0
Sc0000443	200401	0	577804	26295	0.346832143771936	0.0435276337156658	0
Sc0000444	212653	0	591122	11648	0.359744688913625	0.0193241203112298	0
Sc0000445	204026	0	582889	19370	0.350025476548708	0.0321622424903571	0
Sc0000446	200283	0	576353	25644	0.347500576903391	0.0425982189280013	0
Sc0000447	205118	0	588250	10072	0.348691882702932	0.016833745040296	0
Sc0000448	205013	0	586418	10602	0.349602160915934	0.017758199055308	0
Sc0000449	211438	0	577651	19245	0.36603070019787	0.0322417975660752	0
Sc0000450	204598	0	584739	9854	0.349896278510583	0.0165726808085531	0
Sc0000451	212539	0	578923	14809	0.367128270944495	0.024942229827599	0
Sc0000452	209147	0	580541	12269	0.360262238153722	0.0206963445286011	0
Sc0000453	202664	0	563578	24303	0.359602397538584	0.0413399990814468	0
Sc0000454	208008	0	574756	11853	0.361906617764756	0.0202059634270869	0
Sc0000455	207321	0	576420	7567	0.359670032268138	0.0129574802178816	0
Sc0000456	210242	0	573710	10104	0.366460406825748	0.0173068819863861	0
Sc0000457	199788	0	551268	32023	0.362415376912863	0.0549005556403236	0
Sc0000458	197265	0	553587	28959	0.356339653929735	0.0497110957761275	0
Sc0000459	200792	0	568589	12346	0.353140845144735	0.0212519472918657	0
Sc0000460	204963	0	566093	11991	0.362065950294386	0.0207426602362286	0
Sc0000461	196062	0	564070	13757	0.347584519651816	0.0238081640352562	0
Sc0000462	207431	0	570244	7473	0.363758320999432	0.0129353991660277	0
Sc0000463	205574	0	568108	7695	0.361857252494244	0.0133639456550244	0
Sc0000464	200287	0	562832	12083	0.355855743809876	0.0210170199072906	0
Sc0000465	199334	0	559067	13324	0.356547605206532	0.0232777943748242	0
Sc0000466	194841	0	549567	21406	0.354535479750422	0.0374903892127999	0
Sc0000467	193750	0	553977	16817	0.349743761925134	0.0294624680707926	0
Sc0000468	199615	0	551418	18743	0.362003053944558	0.0328731709113742	0
Sc0000469	196093	0	558434	9844	0.351148031817547	0.0173225076459057	0
Sc0000470	195013	0	551389	14706	0.353675898503597	0.0259779718951766	0
Sc0000471	210603	0	556248	7808	0.378613496138413	0.0138425971889316	0
Sc0000472	193772	0	535001	25658	0.362189977214996	0.0457640027182298	0
Sc0000473	194959	0	554417	5825	0.351646865085306	0.0103972925985556	0
Sc0000474	200357	0	547818	11838	0.36573643071239	0.021152279257258	0
Sc0000475	193069	0	534551	25028	0.361179756468513	0.0447264818729795	0
Sc0000476	200089	0	547030	12005	0.365773357951118	0.0214745051740946	0
Sc0000477	199436	0	550619	6951	0.36220326577906	0.01246659612246	0
Sc0000478	192244	0	549312	8107	0.349972329022486	0.0145438171285873	0
Sc0000479	188242	0	531556	21483	0.354133901225835	0.0388453617195171	0
Sc0000480	196266	0	539642	13093	0.363696672979494	0.0236876622613006	0
Sc0000481	187223	0	537851	12812	0.348094546630944	0.023266498747873	0
Sc0000482	197098	0	540956	8468	0.364351259621855	0.0154125047322287	0
Sc0000483	195921	0	539610	9660	0.363078890309668	0.0175869790813261	0
Sc0000484	186544	0	532141	13164	0.350553706630386	0.0241406185529199	0
Sc0000485	192037	0	534890	9683	0.359021481052179	0.0177809035703202	0
Sc0000486	189746	0	531369	9919	0.357088953250942	0.0183248104521068	0
Sc0000487	187415	0	534074	6355	0.350915790695671	0.011759176506072	0
Sc0000488	192064	0	517064	22620	0.371451116302817	0.041913415998992	0
Sc0000489	187368	0	529269	10355	0.354012798784739	0.0191892873556402	0
Sc0000490	187907	0	521238	14482	0.360501344875086	0.0270327783170313	0
Sc0000491	192537	0	524120	10025	0.367352896283294	0.0187683119752127	0
Sc0000492	176645	0	498383	35156	0.354436246822223	0.0658920903626539	0
Sc0000493	185740	0	515568	14958	0.360262855724172	0.0281946596396784	0
Sc0000494	177800	0	516088	11748	0.34451488893367	0.0222569131321092	0
Sc0000495	184806	0	512216	14997	0.360797007512456	0.0284458084303688	0
Sc0000496	186344	0	518218	7934	0.359586120127051	0.0150792926758807	0
Sc0000497	181754	0	505587	20533	0.359491047040371	0.0390272181251426	0
Sc0000498	178835	0	506910	18028	0.352794381645657	0.0343431033760177	0
Sc0000499	171084	0	505875	19045	0.338194217939214	0.0362817191191039	0
Sc0000500	171543	0	492991	31835	0.347963755930636	0.0606581990983678	0
Sc0000501	181624	0	510390	11766	0.355853367033053	0.0225334957369062	0
Sc0000502	184283	0	506091	15415	0.364130166313963	0.0295586244453563	0
Sc0000503	177277	0	505931	14602	0.35039758386025	0.0280520159144569	0
Sc0000504	175567	0	504567	14052	0.347955771978746	0.0270950350835585	0
Sc0000505	173585	0	490141	28135	0.354153192652726	0.0542857473624092	0
Sc0000506	179464	0	506393	10237	0.354396683998397	0.019814954609682	0
Sc0000507	178504	0	506231	9080	0.35261372772509	0.0176204272759557	0
Sc0000508	176656	0	500149	14297	0.353206744390172	0.0277910606749785	0
Sc0000509	183195	0	501651	12037	0.365184161897415	0.0234325115634393	0
Sc0000510	176181	0	507496	6035	0.347157416019043	0.011751968235608	0
Sc0000511	173710	0	505410	6341	0.343701153518925	0.0123907916154536	0
Sc0000512	181517	0	505591	6022	0.359019444570809	0.0117706156802114	0
Sc0000513	173832	0	496591	13453	0.350050645299653	0.0263761557826384	0
Sc0000514	166151	0	474512	35094	0.350151313349294	0.0688649662680581	0
Sc0000515	182659	0	499985	7355	0.365328959868796	0.0144971813773801	0
Sc0000516	174020	0	497128	10165	0.350050691170081	0.020037729674961	0
Sc0000517	177752	0	489218	16670	0.363339043125968	0.032951957745588	0
Sc0000518	172557	0	487543	17906	0.353931858318138	0.0354259282341047	0
Sc0000519	178486	0	494998	10335	0.360579234663574	0.0204518604563723	0
Sc0000520	167668	0	474597	21280	0.353284997587427	0.0429138677534953	0
Sc0000521	171177	0	453009	41352	0.377866664900697	0.0836473750963365	0
Sc0000522	170012	0	473878	19731	0.358767446473565	0.0399729340429368	0
Sc0000523	170418	0	482550	5140	0.35316133043208	0.0105394820480223	0
Sc0000524	174315	0	482252	4152	0.361460398297985	0.00853611401222029	0
Sc0000525	166848	0	476236	10030	0.35034730679747	0.0206265706424056	0
Sc0000526	173817	0	482500	3675	0.360242487046632	0.00755900653057027	0
Sc0000527	172210	0	478724	5285	0.359727107895155	0.0109192184442851	0
Sc0000528	164334	0	471720	11831	0.348371915543119	0.0244669124869972	0
Sc0000529	162897	0	463325	19143	0.351582582420547	0.0396772428430487	0
Sc0000530	155827	0	469442	9938	0.33194090004729	0.0207309441361759	0
Sc0000531	168844	0	458251	18747	0.368453096665365	0.0393020515809291	0
Sc0000532	172556	0	467239	8412	0.369309924899249	0.0176852356034151	0
Sc0000533	161724	0	466264	9288	0.34685071118508	0.0195309871475675	0
Sc0000534	173486	0	467655	7342	0.370970052709797	0.0154569397280404	0
Sc0000535	160086	0	461005	13629	0.347254368173881	0.0287147570549097	0
Sc0000536	156512	0	442467	32089	0.353725814580522	0.0676189954399481	0
Sc0000537	163434	0	465962	8509	0.350745339748735	0.0179336566407641	0
Sc0000538	159992	0	463299	9864	0.34533206417454	0.0208469385814191	0
Sc0000539	164275	0	465219	6702	0.353113264935439	0.0142015294932838	0
Sc0000540	164782	0	454476	16780	0.362575801582482	0.0356069737043136	0
Sc0000541	158026	0	457395	13123	0.3454913149466	0.0278905376627462	0
Sc0000542	166257	0	458157	12194	0.36288215611679	0.0259253196017442	0
Sc0000543	154150	0	434995	33103	0.354371889332061	0.0707180974924054	0
Sc0000544	157369	0	443398	21874	0.354915899485338	0.0470133599270964	0
Sc0000545	152346	0	443402	19803	0.343584377156621	0.0427521291868611	0
Sc0000546	156662	0	440411	22053	0.355717727304722	0.0476858739274841	0
Sc0000547	163301	0	445154	10385	0.366841587405707	0.0227971699459322	0
Sc0000548	165743	0	439464	12169	0.37714807128684	0.0269444438293924	0
Sc0000549	156266	0	435498	14607	0.358821395276213	0.0324524277668544	0
Sc0000550	153352	0	425638	22384	0.360287380356077	0.0499618322314529	0
Sc0000551	147527	0	432676	13505	0.340964139448456	0.0302679854139912	0
Sc0000552	149338	0	420867	24898	0.354834187522424	0.0558545421915135	0
Sc0000553	152713	0	434127	8739	0.351770334487373	0.0197328311498286	0
Sc0000554	151165	0	430196	12584	0.351386344828869	0.0284204345273048	0
Sc0000555	152651	0	429854	11341	0.355122902194699	0.0257051870488106	0
Sc0000556	141984	0	415818	22559	0.341457079780096	0.0514602727789095	0
Sc0000557	148677	0	430286	7816	0.345530647058003	0.0178405941995243	0
Sc0000558	158953	0	431772	5649	0.368141055927666	0.012914331959371	0
Sc0000559	147676	0	420023	16811	0.35159027005664	0.0384837260835924	0
Sc0000560	150473	0	425762	9776	0.353420455559679	0.0224458026624543	0
Sc0000561	150346	0	424072	11454	0.354529419532532	0.0262992335704413	0
Sc0000562	152381	0	423236	9465	0.360037898477445	0.0218742272377462	0
Sc0000563	154426	0	416224	14157	0.371016568001845	0.0328941101024441	0
Sc0000564	144866	0	411007	19170	0.352466016393881	0.0445630519530333	0
Sc0000565	146720	0	421172	8027	0.348361239588577	0.0187022802942225	0
Sc0000566	152620	0	418434	8461	0.364740914935211	0.0198198620269621	0
Sc0000567	145754	0	407708	17758	0.357496051095392	0.0417377651798264	0
Sc0000568	151159	0	411187	14132	0.367616194091739	0.0332268250419097	0
Sc0000569	145544	0	415485	7798	0.350299048100413	0.0184226628520399	0
Sc0000570	151278	0	418354	4011	0.361602853086142	0.00949652551702911	0
Sc0000571	152241	0	415482	5644	0.366420205929499	0.0134021646728058	0
Sc0000572	148292	0	413424	5892	0.358692286853206	0.0140514552270841	0
Sc0000573	141619	0	395512	19943	0.358064989178584	0.0480027921194835	0
Sc0000574	142428	0	391030	20677	0.364238038002199	0.0502226097685976	0
Sc0000575	143180	0	400636	10365	0.357381762996835	0.025218916742295	0
Sc0000576	140996	0	401323	5505	0.351327982697229	0.0135315170047293	0
Sc0000577	151092	0	399955	6368	0.377772499406183	0.0156722607383781	0
Sc0000578	137846	0	380338	24211	0.362430259400849	0.0598468912294926	0
Sc0000579	139209	0	395582	7626	0.351909338645338	0.0189133152119998	0
Sc0000580	148758	0	395917	6534	0.375730266697313	0.0162355168703768	0
Sc0000581	138870	0	390081	10751	0.356002983995632	0.0268217108414498	0
Sc0000582	135701	0	384698	16041	0.35274682998092	0.0400285472589391	0
Sc0000583	135432	0	384863	14951	0.351896648937414	0.0373948886232098	0
Sc0000584	141414	0	389206	9769	0.363339722409213	0.0244852434363055	0
Sc0000585	140552	0	395289	3243	0.355567698569907	0.00813736412634368	0
Sc0000586	125576	0	372780	25317	0.336863565641934	0.0635950534668686	0
Sc0000587	135160	0	375589	22330	0.359861444291499	0.0561169484241768	0
Sc0000588	133053	0	390871	6709	0.340401308871725	0.0168745912772272	0
Sc0000589	136583	0	361815	35015	0.377494023188646	0.0882367764533931	0
Sc0000590	140540	0	384303	10317	0.365701022370369	0.0261441386650449	0
Sc0000591	133380	0	376405	14484	0.354352359825188	0.0370539974263794	0
Sc0000592	139200	0	378970	10700	0.367311396680476	0.0274591320861242	0
Sc0000593	136151	0	382513	4934	0.355938229550368	0.012734644996606	0
Sc0000594	131129	0	382667	3428	0.342671304293289	0.00887864385708181	0
Sc0000595	127774	0	362022	24042	0.35294540110822	0.0622746487628994	0
Sc0000596	132635	0	368417	16219	0.36001324585999	0.0421671398413045	0
Sc0000597	135133	0	365438	19089	0.369783656872028	0.0496428079172594	0
Sc0000598	137583	0	369667	13735	0.372180908763833	0.0358240176107584	0
Sc0000599	126515	0	356365	25073	0.355015223156034	0.0657328320723158	0
Sc0000600	128234	0	374934	5837	0.342017528418335	0.0153294237218696	0
Sc0000601	137908	0	375820	4329	0.366952264381885	0.011387640109536	0
Sc0000602	126896	0	366330	12878	0.346398056397237	0.0339602540030801	0
Sc0000603	125019	0	353011	23183	0.3541504372385	0.0616251189545819	0
Sc0000604	120696	0	337633	38557	0.35747690539728	0.102493420877748	0
Sc0000605	128434	0	371399	2986	0.345811378059715	0.00797574689156884	0
Sc0000606	125596	0	355786	17374	0.353009955422642	0.0465591167327688	0
Sc0000607	133598	0	364494	8197	0.366530038903247	0.0219940916201357	0
Sc0000608	127066	0	366441	4326	0.34675704956596	0.011667705054657	0
Sc0000609	130027	0	351565	18968	0.369851947719483	0.0511911219783393	0
Sc0000610	130645	0	359704	10591	0.363201410048262	0.0286015204094033	0
Sc0000611	131161	0	361473	8059	0.362851443952937	0.0218086660965762	0
Sc0000612	131307	0	352639	15357	0.372355298194471	0.0417314318633898	0
Sc0000613	131747	0	357994	9417	0.36801454772985	0.0256306969579027	0
Sc0000614	124860	0	357124	9862	0.349626460277103	0.0268729597314339	0
Sc0000615	117824	0	351789	14529	0.334928039250801	0.0396622606587719	0
Sc0000616	126056	0	354988	10218	0.355099327301205	0.0279787298127632	0
Sc0000617	124426	0	354955	9822	0.350540209322308	0.0269260397448304	0
Sc0000618	121035	0	353042	11407	0.342834563593	0.0312993038806527	0
Sc0000619	130144	0	355920	7620	0.365655203416498	0.0209605545469549	0
Sc0000620	129966	0	342617	19790	0.379333191289399	0.0546071129972655	0
Sc0000621	124139	0	343819	18341	0.361059161942766	0.0506433620499227	0
Sc0000622	132436	0	355648	4888	0.37237943134785	0.0135575920296448	0
Sc0000623	120054	0	339825	18102	0.353281836239241	0.0505745584993588	0
Sc0000624	125729	0	348604	6639	0.360664249406203	0.0186886159614686	0
Sc0000625	123559	0	348839	6089	0.354200648436671	0.017155592120092	0
Sc0000626	113752	0	326454	27407	0.348447254437072	0.0774513156295834	0
Sc0000627	126823	0	346897	3512	0.365592668717227	0.0100225736211113	0
Sc0000628	120546	0	340289	10047	0.354245949766228	0.0286781832298137	0
Sc0000629	117162	0	332637	17310	0.352221791322072	0.049464633215887	0
Sc0000630	123537	0	335530	14175	0.368184663070366	0.0405341645100871	0
Sc0000631	116067	0	337358	10302	0.344046976802092	0.0296323994707473	0
Sc0000632	96138	0	261499	83730	0.367641941269374	0.242534665396013	0
Sc0000633	119956	0	339687	5364	0.353136858343122	0.0155455280523749	0
Sc0000634	112147	0	321497	22771	0.348827516275424	0.0661432372454018	0
Sc0000635	123026	0	338120	5789	0.363853069916006	0.0168329412722552	0
Sc0000636	118609	0	340467	3147	0.348371501496474	0.00915853253941923	0
Sc0000637	118726	0	335515	7121	0.3538619733842	0.0207829883608261	0
Sc0000638	122322	0	340217	2415	0.359541116405118	0.00704837843517243	0
Sc0000639	125470	0	328535	14065	0.381907559316359	0.0410537069468768	0
Sc0000640	112509	0	309346	32192	0.3636995467858	0.0942559832288062	0
Sc0000641	114476	0	329182	10743	0.347758990467279	0.0316040303008016	0
Sc0000642	118031	0	324771	12176	0.363428384923531	0.0361362469468492	0
Sc0000643	113729	0	320380	15835	0.354981584368562	0.0470978391802864	0
Sc0000644	114050	0	327200	8388	0.348563569682152	0.024994934264634	0
Sc0000645	112611	0	321858	13050	0.349877896463658	0.0389659249704396	0
Sc0000646	121374	0	327024	7759	0.371147071774549	0.023176206677161	0
Sc0000647	112413	0	320500	13115	0.350742589703588	0.0393117815445948	0
Sc0000648	108070	0	308863	24266	0.349896232310118	0.0728426525460107	0
Sc0000649	116697	0	329451	2926	0.354216560277553	0.00880325654302193	0
Sc0000650	114156	0	324072	8209	0.352255054432348	0.0247049936650004	0
Sc0000651	114498	0	326694	5486	0.350474756193869	0.0165151423926787	0
Sc0000652	113928	0	316867	14979	0.359545171949114	0.0451384075745979	0
Sc0000653	108957	0	316037	15069	0.344760265411961	0.0455111052049797	0
Sc0000654	107277	0	312363	18578	0.343436962764476	0.0561368944917674	0
Sc0000655	111199	0	319561	10348	0.347974252177206	0.0313662252318063	0
Sc0000656	113145	0	319560	9617	0.354064964325948	0.0292152853935725	0
Sc0000657	118817	0	312850	14068	0.379789036279367	0.0430321976764816	0
Sc0000658	115079	0	314882	11843	0.365467063852491	0.0362476088453592	0
Sc0000659	113297	0	325965	553	0.347574126056478	0.00169362791637827	0
Sc0000660	114606	0	311488	11982	0.367930706800904	0.0370420749992271	0
Sc0000661	113818	0	308914	12849	0.36844558679762	0.0399331184753996	0
Sc0000662	112352	0	318134	3420	0.353159360521038	0.0106358496551124	0
Sc0000663	112515	0	312814	8624	0.359686586917465	0.0268294352254556	0
Sc0000664	101843	0	301242	17262	0.338077027771692	0.0541971215432145	0
Sc0000665	105182	0	307894	8885	0.341617569683073	0.0280479450973707	0
Sc0000666	107601	0	287879	28867	0.373771619326175	0.0911361153732012	0
Sc0000667	106676	0	307741	8668	0.346642143880731	0.0273949223947486	0
Sc0000668	112888	0	311171	4661	0.362784449707717	0.014757845943413	0
Sc0000669	103959	0	305060	9382	0.340782141218121	0.0298369810648705	0
Sc0000670	112257	0	304665	8984	0.368460440155581	0.0286434836393548	0
Sc0000671	111104	0	308249	4756	0.36043588138161	0.015194645452948	0
Sc0000672	111923	0	305491	7492	0.366370858715969	0.0239374023509264	0
Sc0000673	101300	0	278364	34093	0.363912000114957	0.109112613895672	0
Sc0000674	112950	0	309258	2733	0.36522903207031	0.00875986807311749	0
Sc0000675	104039	0	295267	15694	0.352355664534134	0.0504693514620805	0
Sc0000676	99842	0	280473	30034	0.355977224189138	0.0967256776819846	0
Sc0000677	96339	0	273832	35722	0.351817902947793	0.115398282690581	0
Sc0000678	107821	0	306299	3034	0.352012249468656	0.00980820022435369	0
Sc0000679	106784	0	291939	17374	0.365775042046455	0.0561696404612803	0
Sc0000680	112632	0	301305	7465	0.373813909493702	0.0241765715581177	0
Sc0000681	102802	0	292945	13692	0.350925941729676	0.0446521456967033	0
Sc0000682	109130	0	299162	6677	0.364785634539146	0.0218317480766024	0
Sc0000683	106228	0	298700	7094	0.355634415801808	0.0231986239102141	0
Sc0000684	106664	0	293722	11136	0.363146104139288	0.0365284821129837	0
Sc0000685	108389	0	300993	3413	0.360104720043323	0.0112119997634738	0
Sc0000686	102293	0	291575	12249	0.350829117722713	0.0403161040602454	0
Sc0000687	110720	0	294917	7349	0.375427662698319	0.0243130223048573	0
Sc0000688	103169	0	288793	12882	0.357242038415059	0.0427015828292036	0
Sc0000689	104790	0	296807	1768	0.353057710903045	0.005921460269614	0
Sc0000690	107486	0	294767	3662	0.364647331621247	0.0122709254127447	0
Sc0000691	107721	0	290469	7239	0.370851966991314	0.0243157725019146	0
Sc0000692	99757	0	283291	12958	0.352136142694261	0.0437402320345385	0
Sc0000693	101756	0	289030	7074	0.352060339757119	0.0238902547753492	0
Sc0000694	98414	0	280337	14793	0.351056050396487	0.0501236743130146	0
Sc0000695	104793	0	293605	1433	0.356918308611911	0.00485700147099696	0
Sc0000696	101520	0	276801	16636	0.366761680774275	0.0566936003298834	0
Sc0000697	90480	0	260744	30407	0.347007026048538	0.104437216427215	0
Sc0000698	96349	0	278454	11643	0.346014063364146	0.0401348514462404	0
Sc0000699	95064	0	271104	18059	0.350655099150142	0.06245266510584	0
Sc0000700	102857	0	278876	9948	0.368827005550854	0.0344431210702712	0
Sc0000701	96425	0	273875	14905	0.352076677316294	0.051613685158252	0
Sc0000702	105944	0	274765	12865	0.385580405073426	0.0447276014323958	0
Sc0000703	97391	0	278339	8631	0.349900660705111	0.0300763145973447	0
Sc0000704	100472	0	284023	765	0.353745999443707	0.00268620868856834	0
Sc0000705	95393	0	274437	8855	0.347595258656814	0.0312575010942773	0
Sc0000706	94546	0	272865	9646	0.346493687354553	0.0341438032501389	0
Sc0000707	101138	0	278630	2826	0.362983167641675	0.0100406457847763	0
Sc0000708	100759	0	272256	9027	0.370089180771039	0.0320922345111507	0
Sc0000709	93645	0	265042	14595	0.353321360388165	0.0521926640609075	0
Sc0000710	95586	0	262945	15910	0.363520888398715	0.0570547417116423	0
Sc0000711	89404	0	253337	25510	0.352905418474206	0.0914838603248376	0
Sc0000712	97213	0	257288	20978	0.37783728739778	0.0753882975282643	0
Sc0000713	92394	0	268412	7175	0.344224550318168	0.0260353354838944	0
Sc0000714	97647	0	271423	3633	0.359759489800054	0.0132082194171369	0
Sc0000715	87512	0	253145	17796	0.345699105255881	0.0656821964929634	0
Sc0000716	100572	0	260753	9436	0.385698342876209	0.0349237015570582	0
Sc0000717	91650	0	243732	25928	0.376027768204421	0.0961507082993399	0
Sc0000718	93847	0	267461	1698	0.350881063033489	0.00630853881906234	0
Sc0000719	96750	0	264535	3899	0.365736102973142	0.0145249856575546	0
Sc0000720	86622	0	249890	18247	0.346640521829605	0.068051033613414	0
Sc0000721	94562	0	259529	7070	0.364360052248496	0.0265192292544233	0
Sc0000722	91465	0	244278	21647	0.374429952758742	0.0814026511234371	0
Sc0000723	91406	0	263255	2271	0.347214677783898	0.00855283475064589	0
Sc0000724	89289	0	259142	4218	0.344556266448511	0.01601609963548	0
Sc0000725	92375	0	251659	11160	0.367064162219511	0.0424626834437388	0
Sc0000726	87760	0	252681	9639	0.347315389760211	0.0367451967063129	0
Sc0000727	86691	0	250659	11077	0.345852333249554	0.0423212702876181	0
Sc0000728	88195	0	252700	8992	0.349010684606252	0.0343610045396879	0
Sc0000729	88993	0	255762	4352	0.347952393240591	0.016731125583398	0
Sc0000730	88490	0	254690	5356	0.347441988299501	0.0205963560293179	0
Sc0000731	91689	0	259127	303	0.353838079397361	0.00116794511043441	0
Sc0000732	89235	0	249824	8354	0.357191462789804	0.0323575207802369	0
Sc0000733	87964	0	252298	5154	0.348651198186272	0.0200192657272035	0
Sc0000734	93320	0	249475	7917	0.374065537629021	0.030758531733698	0
Sc0000735	82057	0	239998	14940	0.341907015891799	0.0586024837411449	0
Sc0000736	86706	0	235816	16913	0.367684974726058	0.0669214850689869	0
Sc0000737	89226	0	251001	1600	0.355480655455556	0.00633410002335699	0
Sc0000738	88636	0	250910	1240	0.353258140369057	0.0049177077136625	0
Sc0000739	86617	0	235322	14825	0.368078632682027	0.0592651520905707	0
Sc0000740	85916	0	242626	6708	0.354108792957061	0.0269036713805578	0
Sc0000741	90326	0	238568	8346	0.378617417256296	0.0338012425378877	0
Sc0000742	87197	0	237353	9293	0.367372647491289	0.0376774810862532	0
Sc0000743	78877	0	225139	20713	0.350348007231088	0.0842498739078795	0
Sc0000744	85580	0	243651	1756	0.351240093412299	0.0071554601131997	0
Sc0000745	82782	0	234457	10894	0.353079669193072	0.0444016938997599	0
Sc0000746	82683	0	235887	9113	0.350519528418268	0.0371959183673469	0
Sc0000747	84870	0	242037	1055	0.350648867735098	0.00433992068846363	0
Sc0000748	82048	0	242473	4	0.338379943333897	1.64964099687805e-05	0
Sc0000749	88565	0	239208	3151	0.370242634025618	0.0130013739947763	0
Sc0000750	80059	0	229836	12501	0.34833098383195	0.0515851892199705	0
Sc0000751	86877	0	232849	9083	0.373104458254062	0.0375436072946117	0
Sc0000752	80845	0	235753	6081	0.342922465461733	0.0251453476351547	0
Sc0000753	87871	0	236255	5427	0.371932869145627	0.0224551269850465	0
Sc0000754	81643	0	234578	4855	0.348042015875317	0.0202770712474889	0
Sc0000755	80617	0	226187	13062	0.356417477573866	0.0545958394810428	0
Sc0000756	79408	0	228912	9572	0.346893129237436	0.0401368645275993	0
Sc0000757	81159	0	226138	12298	0.358891473348133	0.0515777818785754	0
Sc0000758	81593	0	231316	6601	0.352733922426464	0.0277449698844555	0
Sc0000759	79426	0	220049	16661	0.360946880013088	0.0703857040260234	0
Sc0000760	81048	0	219721	15071	0.3688677914264	0.0641887287471464	0
Sc0000761	86270	0	230005	4480	0.375078802634725	0.0191056997249291	0
Sc0000762	76069	0	219976	13208	0.345805906098847	0.0566419651434061	0
Sc0000763	79670	0	226187	6554	0.352230676387237	0.0281600577465939	0
Sc0000764	83639	0	224778	5601	0.372096023632206	0.0243121117810217	0
Sc0000765	79437	0	219717	10198	0.361542347656303	0.0443555226931692	0
Sc0000766	79375	0	227032	2115	0.349620317840657	0.00922988300086844	0
Sc0000767	78028	0	227298	1797	0.34328502670503	0.00784390754926995	0
Sc0000768	77267	0	221383	7665	0.349019572415226	0.0334646013062764	0
Sc0000769	83868	0	219583	9243	0.381942135775538	0.0403931371435064	0
Sc0000770	79636	0	218782	9555	0.363997038147562	0.041846043348209	0
Sc0000771	82476	0	226070	2075	0.364825054186756	0.00909509303293958	0
Sc0000772	76907	0	223477	4210	0.34413832295941	0.0184902958886542	0
Sc0000773	82564	0	225581	1621	0.366006002278561	0.00713462029383544	0
Sc0000774	76729	0	213730	11724	0.358999672483975	0.052001738713884	0
Sc0000775	75427	0	214552	8889	0.351555799992543	0.0397823138994186	0
Sc0000776	78354	0	220890	2385	0.354719543664267	0.0106818945246893	0
Sc0000777	76413	0	218619	4569	0.349525887502916	0.0204715307274585	0
Sc0000778	78610	0	221027	1118	0.355657906047677	0.00503274888023588	0
Sc0000779	76413	0	213754	8235	0.357481029594768	0.0370964327061251	0
Sc0000780	75857	0	221052	19	0.343163599515046	8.59452393122571e-05	0
Sc0000781	85408	0	216337	4718	0.394791459620869	0.021343104657212	0
Sc0000782	78713	0	214789	3085	0.366466625385844	0.0141595601127257	0
Sc0000783	78563	0	206593	10863	0.380279099485462	0.0499549334118166	0
Sc0000784	76387	0	210813	4979	0.362344826931925	0.0230731445095277	0
Sc0000785	77868	0	211953	3287	0.367383334984643	0.0152713250325218	0
Sc0000786	70607	0	198871	16197	0.355039196262904	0.0753110644075362	0
Sc0000787	73801	0	204825	10159	0.360312461857683	0.0472546794180032	0
Sc0000788	70943	0	192431	21664	0.368667210584573	0.101188724631589	0
Sc0000789	70773	0	204052	9898	0.346838060886441	0.0462631455947651	0
Sc0000790	70728	0	203433	9596	0.347672206574155	0.0450455102356956	0
Sc0000791	73080	0	209997	2392	0.348004971499593	0.0112623535117167	0
Sc0000792	69657	0	196990	15198	0.353606782070156	0.071625162591664	0
Sc0000793	70538	0	200462	10038	0.351877163751734	0.047686460807601	0
Sc0000794	75150	0	200488	9150	0.374835401620047	0.0436466671118786	0
Sc0000795	66546	0	196346	12441	0.338922106892934	0.0595870432546088	0
Sc0000796	68937	0	199240	8821	0.345999799237101	0.0423962203392274	0
Sc0000797	72685	0	197493	9433	0.368038360853296	0.0455863448769125	0
Sc0000798	71009	0	197013	9359	0.360427992061438	0.045350144399434	0
Sc0000799	75255	0	200654	5533	0.37504859110708	0.0268348634976987	0
Sc0000800	70668	0	200420	4368	0.352599540963976	0.0213293747680528	0
Sc0000801	73256	0	203475	1181	0.360024573043371	0.00577065905714956	0
Sc0000802	70083	0	194718	7397	0.359920500415986	0.0365979763995745	0
Sc0000803	67940	0	192816	8658	0.35235665090034	0.0429732868757259	0
Sc0000804	71473	0	197756	2915	0.361420133902385	0.0145262643829951	0
Sc0000805	71463	0	196614	3644	0.363468522078794	0.0181965264808397	0
Sc0000806	68541	0	196311	3836	0.349144979140242	0.0191659130539054	0
Sc0000807	69194	0	198016	1802	0.349436409179056	0.00901820656797686	0
Sc0000808	69241	0	197656	2039	0.350310640709111	0.0102105711209595	0
Sc0000809	72454	0	199220	214	0.363688384700331	0.00107303669384358	0
Sc0000810	72342	0	195422	3862	0.370183500322379	0.0193793781738624	0
Sc0000811	65534	0	187056	12067	0.350344281926268	0.0606007342195527	0
Sc0000812	67752	0	180989	16994	0.374343192127698	0.0858356525560275	0
Sc0000813	69616	0	196505	914	0.354270883692527	0.00462974688353198	0
Sc0000814	70684	0	194286	2722	0.363814170861513	0.0138166977990741	0
Sc0000815	72629	0	189449	5215	0.383369666770477	0.026789750544528	0
Sc0000816	65368	0	183588	10294	0.356058130161013	0.0530941500500304	0
Sc0000817	62601	0	187128	5194	0.334535718866231	0.0270067906947723	0
Sc0000818	67516	0	182023	10269	0.370920158441516	0.0534031576976681	0
Sc0000819	64224	0	187664	4461	0.342228663995226	0.0232192582953806	0
Sc0000820	66902	0	189518	1501	0.353011323462679	0.00785785707180961	0
Sc0000821	64676	0	183287	7467	0.352867361023968	0.0391446575170114	0
Sc0000822	61950	0	179787	10229	0.344574413055449	0.0538323088582014	0
Sc0000823	61555	0	177632	12222	0.346531030444965	0.0643757834967923	0
Sc0000824	65844	0	187077	2578	0.351962026331404	0.0135931032664575	0
Sc0000825	62846	0	187124	469	0.335852162202604	0.00250009328706295	0
Sc0000826	71726	0	185382	2060	0.386909192909775	0.0109900662604966	0
Sc0000827	62519	0	169100	17479	0.369716144293318	0.0936814968458401	0
Sc0000828	65394	0	180302	5959	0.362691484287473	0.031992741368295	0
Sc0000829	65353	0	180463	5763	0.362140715825405	0.0309462695864165	0
Sc0000830	68008	0	185441	2	0.366736590074471	1.0784985143683e-05	0
Sc0000831	59077	0	175472	9049	0.336674797118629	0.0490404886164718	0
Sc0000832	67008	0	181305	1594	0.369587159758418	0.00871519253795811	0
Sc0000833	64985	0	181096	1782	0.358842823695719	0.0097442010520675	0
Sc0000834	65690	0	179035	2310	0.366911497751836	0.0127381510380766	0
Sc0000835	62192	0	169148	11947	0.367678009790243	0.0659708992517739	0
Sc0000836	65926	0	170300	10718	0.387116852613036	0.0592095813675988	0
Sc0000837	61774	0	167170	13740	0.369528025363403	0.0759493670886076	0
Sc0000838	62221	0	180380	158	0.34494400709613	0.000875162015752916	0
Sc0000839	63836	0	179062	1337	0.356502217109158	0.00741134928685857	0
Sc0000840	62789	0	179040	1108	0.350698168007149	0.00615049847902835	0
Sc0000841	61308	0	174846	4974	0.350639991764181	0.027660994327661	0
Sc0000842	68251	0	178792	870	0.381734082061837	0.00484242633389364	0
Sc0000843	60051	0	173726	3344	0.345665012721182	0.0188851866493477	0
Sc0000844	61305	0	170000	5463	0.360617647058824	0.0311347691536107	0
Sc0000845	55132	0	161488	13378	0.341399980184286	0.0765042947170977	0
Sc0000846	62207	0	172883	5	0.359821382090778	2.8920457174587e-05	0
Sc0000847	57363	0	164596	6750	0.348507861673431	0.0393939747645116	0
Sc0000848	58594	0	158485	12361	0.369713222071489	0.0723517085562436	0
Sc0000849	56439	0	158845	11441	0.355308634203154	0.067186967807101	0
Sc0000850	62566	0	166950	3154	0.374758909853249	0.0185415980811739	0
Sc0000851	59849	0	165922	3989	0.360705632767204	0.0234769967806675	0
Sc0000852	57136	0	156777	11861	0.36444121267788	0.0703340884023767	0
Sc0000853	55610	0	156605	12005	0.355097219118164	0.0711998102129174	0
Sc0000854	58170	0	166918	587	0.348494470338729	0.00350437300379093	0
Sc0000855	60813	0	164969	2372	0.368632894665058	0.0141746493686544	0
Sc0000856	57613	0	155199	12140	0.371220175387728	0.0725473440142465	0
Sc0000857	56304	0	157582	9570	0.357299691589141	0.0572532784531444	0
Sc0000858	59595	0	164028	2893	0.363322115736338	0.0173315520515693	0
Sc0000859	57616	0	161777	4599	0.356144569376364	0.0276422080107708	0
Sc0000860	50672	0	141047	24965	0.359256134479996	0.150380695371419	0
Sc0000861	57771	0	163353	1288	0.353657416760023	0.0078230817354122	0
Sc0000862	54255	0	150195	13701	0.361230400479377	0.0835956948308684	0
Sc0000863	61852	0	162077	167	0.381621081337883	0.00102931387293213	0
Sc0000864	56970	0	155969	5009	0.365264892382461	0.0311160531252718	0
Sc0000865	56320	0	158373	1724	0.355616171948501	0.010768471614084	0
Sc0000866	57452	0	150542	6858	0.381634361174954	0.0435705209656925	0
Sc0000867	51337	0	138713	18519	0.370095088419975	0.117781367660527	0
Sc0000868	55366	0	150210	5253	0.368590639770987	0.0337893904015747	0
Sc0000869	51199	0	144654	9526	0.353941128485904	0.0617849267090414	0
Sc0000870	54726	0	150679	2914	0.363195933076275	0.0189722187860124	0
Sc0000871	48301	0	139793	13005	0.345518015923544	0.0851123705807668	0
Sc0000872	50082	0	140359	12429	0.356813599412934	0.0813480116239495	0
Sc0000873	50483	0	147822	4721	0.341512088863633	0.0309486505444366	0
Sc0000874	51074	0	145983	6092	0.349862655240679	0.0400591813250041	0
Sc0000875	55391	0	148558	1383	0.372857739064877	0.00922362796033106	0
Sc0000876	51994	0	148820	310	0.349375083994087	0.00207872326158385	0
Sc0000877	49749	0	145248	2134	0.342510740251157	0.0144793801142609	0
Sc0000878	50137	0	141139	5259	0.355231367658833	0.0359226218937417	0
Sc0000879	51233	0	143727	2599	0.35646051194278	0.0177617101540396	0
Sc0000880	51493	0	146023	216	0.35263622853934	0.00147703417009143	0
Sc0000881	51568	0	142895	1803	0.360880366702824	0.0124604348366944	0
Sc0000882	49429	0	138583	5693	0.356674339565459	0.0394590922953229	0
Sc0000883	48555	0	142943	913	0.339680851808063	0.00634662440217996	0
Sc0000884	51618	0	136464	7319	0.378253605346465	0.0509030970281605	0
Sc0000885	46395	0	130934	12425	0.354338827195381	0.0866705264406141	0
Sc0000886	51198	0	142782	444	0.358574610244989	0.00309999581081647	0
Sc0000887	47427	0	135657	6725	0.349609677348017	0.0472320939444593	0
Sc0000888	48528	0	138544	3556	0.350271393925396	0.0250246305418719	0
Sc0000889	49383	0	129663	12222	0.380856528076629	0.0861401839517919	0
Sc0000890	46395	0	133777	7858	0.346808494733773	0.0554806368482367	0
Sc0000891	43049	0	128663	12707	0.334587255077217	0.0898846997241282	0
Sc0000892	49025	0	140098	1030	0.349933617896044	0.00729833909642311	0
Sc0000893	45346	0	128950	11900	0.351655680496316	0.0844870429534966	0
Sc0000894	48150	0	134807	5212	0.357177297914797	0.0372235196651883	0
Sc0000895	49222	0	137262	2377	0.35859888388629	0.0170224650706465	0
Sc0000896	50020	0	138253	1381	0.3618004672593	0.00989014136958048	0
Sc0000897	44060	0	130613	8767	0.337332424796919	0.062899985650739	0
Sc0000898	49308	0	136117	2984	0.362247184407532	0.0214520384468839	0
Sc0000899	49106	0	125250	13468	0.392063872255489	0.0970890583774276	0
Sc0000900	41492	0	124738	13848	0.332633199185493	0.0999235131975813	0
Sc0000901	47594	0	134323	2400	0.354325022520343	0.0175537400437381	0
Sc0000902	47852	0	133779	2444	0.357694406446453	0.0179411699933198	0
Sc0000903	42581	0	127190	8302	0.334782608695652	0.0612729902872494	0
Sc0000904	44629	0	131103	3769	0.340411737336293	0.0279450145322973	0
Sc0000905	47138	0	132502	1976	0.355753120707612	0.0146938532696798	0
Sc0000906	45306	0	131612	2421	0.344239127131265	0.0180627158983235	0
Sc0000907	44767	0	127241	6330	0.351828420084721	0.0473905263867157	0
Sc0000908	44472	0	133050	0	0.334250281848929	0	0
Sc0000909	43831	0	124748	7791	0.35135633437009	0.0587826979228755	0
Sc0000910	44447	0	127309	4621	0.34912692739712	0.0350261502311832	0
Sc0000911	42732	0	122053	8987	0.350110198028725	0.0685821123321123	0
Sc0000912	46727	0	129109	939	0.361918998675538	0.00722041092519685	0
Sc0000913	46263	0	127984	1449	0.361474871858982	0.0111949811871779	0
Sc0000914	43924	0	122635	6184	0.358168548946059	0.0480053408270519	0
Sc0000915	46537	0	124766	3963	0.372994245227065	0.0307856038654849	0
Sc0000916	42686	0	123572	4922	0.345434240766517	0.0383052905194017	0
Sc0000917	43174	0	113735	13890	0.379601705719436	0.108834476003918	0
Sc0000918	15154	0	29313	97486	0.516971991948965	0.768823097973959	0
Sc0000919	45464	0	120691	5642	0.376697516799099	0.044659748442608	0
Sc0000920	41036	0	124941	218	0.328443025107851	0.00174178445017937	0
Sc0000921	41816	0	121322	2992	0.344669557046537	0.0240680856540695	0
Sc0000922	41156	0	121581	2565	0.338506839062025	0.0206611570247934	0
Sc0000923	41635	0	119545	3186	0.348278890794262	0.0259592116091289	0
Sc0000924	43026	0	119122	3110	0.361192726784305	0.0254434190719288	0
Sc0000925	41995	0	114293	6627	0.367432826157332	0.054804829639431	0
Sc0000926	39649	0	116263	4579	0.341028530142866	0.0378924546101521	0
Sc0000927	42880	0	115676	5165	0.370690549465749	0.0427421156726608	0
Sc0000928	40858	0	119395	737	0.342208635202479	0.00613491825658442	0
Sc0000929	43502	0	119914	11	0.362776656603899	9.17239941630186e-05	0
Sc0000930	43027	0	116275	3399	0.370045151580305	0.0284021591991577	0
Sc0000931	42652	0	118032	1065	0.361359631286431	0.00894229073780196	0
Sc0000932	38525	0	114657	3706	0.336002162973041	0.0313104601944865	0
Sc0000933	41602	0	116267	1580	0.357814341128609	0.0134072144390608	0
Sc0000934	38247	0	105913	11791	0.36111714331574	0.100175015292598	0
Sc0000935	43400	0	117518	4	0.369305127725114	3.40361804598288e-05	0
Sc0000936	41006	0	110086	6830	0.372490598259543	0.058418009511102	0
Sc0000937	43501	0	116567	2	0.373184520490362	1.71572201871853e-05	0
Sc0000938	33464	0	90153	26338	0.371191197187004	0.226094719763759	0
Sc0000939	39555	0	109676	6665	0.360653196688428	0.0572884881512107	0
Sc0000940	38607	0	105188	10270	0.367028558390691	0.088950094406624	0
Sc0000941	38161	0	112001	2772	0.34072017214132	0.0241520218169779	0
Sc0000942	41770	0	113551	234	0.3678523306708	0.00205651008480907	0
Sc0000943	37956	0	106329	7359	0.356967525322349	0.0647297867848849	0
Sc0000944	42351	0	112836	541	0.375332340742316	0.00477169090732688	0
Sc0000945	38001	0	104603	8722	0.363287859812816	0.0769644826825502	0
Sc0000946	33458	0	104366	8713	0.320583331736389	0.07705232624979	0
Sc0000947	39305	0	109056	3673	0.360411164906103	0.0325825652671451	0
Sc0000948	40017	0	109466	2717	0.365565563736685	0.0242193558738846	0
Sc0000949	39075	0	109702	1942	0.356192229859073	0.0173945756153488	0
Sc0000950	38646	0	110943	3	0.34834103999351	2.70401817100211e-05	0
Sc0000951	36749	0	109533	1406	0.335506194480202	0.012673631455124	0
Sc0000952	35801	0	104217	5680	0.343523609391942	0.0516847593655878	0
Sc0000953	39637	0	102862	6745	0.385341525539072	0.0615380404536207	0
Sc0000954	37039	0	97313	12251	0.380617183726737	0.111815924938849	0
Sc0000955	49014	0	108225	770	0.452889812889813	0.00706454424514886	0
Sc0000956	37952	0	104371	3810	0.363625911412174	0.0352187537552805	0
Sc0000957	39224	0	105431	2634	0.372034790526506	0.0243742192199139	0
Sc0000958	35218	0	105020	2546	0.335345648447915	0.0236691891489876	0
Sc0000959	35031	0	107072	254	0.327172369994023	0.00236662132195367	0
Sc0000960	36460	0	103352	2759	0.352774982583791	0.0260010743466747	0
Sc0000961	35250	0	100886	4927	0.349404278096069	0.046563276724032	0
Sc0000962	41904	0	105704	8	0.396427760538863	7.56773119418798e-05	0
Sc0000963	36389	0	100627	4471	0.361622626134139	0.0425412472168833	0
Sc0000964	36633	0	97157	7874	0.377049517790792	0.0749683426797803	0
Sc0000965	36938	0	102858	1991	0.359116451807346	0.0189892130587798	0
Sc0000966	39559	0	102245	2226	0.386904005085823	0.0213073484507662	0
Sc0000967	34493	0	97927	5710	0.352231764477621	0.0550961529183593	0
Sc0000968	34940	0	99504	3552	0.351141662646728	0.0344666977177457	0
Sc0000969	32112	0	101912	656	0.315095376403171	0.00639575696123547	0
Sc0000970	38072	0	98461	3574	0.386670864606291	0.0350271965502034	0
Sc0000971	35489	0	95434	6135	0.371869564306222	0.0604022880997155	0
Sc0000972	34718	0	93709	7434	0.370487359805355	0.0734998961865873	0
Sc0000973	35919	0	100428	580	0.357659218544629	0.00574211943608427	0
Sc0000974	33729	0	99354	1497	0.339483060571291	0.0148436802808103	0
Sc0000975	32303	0	89635	10480	0.36038377865789	0.104679618438795	0
Sc0000976	36808	0	99035	1075	0.371666582521331	0.0107381879932075	0
Sc0000977	34548	0	98919	891	0.349255451429958	0.00892696122633003	0
Sc0000978	32974	0	91120	7708	0.361874451273047	0.077994090743514	0
Sc0000979	31505	0	91706	6529	0.343543497699169	0.0664630732427343	0
Sc0000980	30334	0	86365	11159	0.351230243732994	0.114423116361101	0
Sc0000981	30731	0	89739	7670	0.342448656659869	0.078740157480315	0
Sc0000982	31895	0	96223	1158	0.331469607058603	0.0118914367279038	0
Sc0000983	33253	0	89161	7819	0.37295454290553	0.0806248711074448	0
Sc0000984	33043	0	96511	457	0.342375480515174	0.00471289497566207	0
Sc0000985	34413	0	96944	2	0.354978131704902	2.06300414663833e-05	0
Sc0000986	34430	0	96076	1	0.358362129980432	1.04083183280077e-05	0
Sc0000987	35560	0	94967	809	0.374445860140891	0.00844679251587036	0
Sc0000988	30930	0	92397	3312	0.334751128283386	0.0346048960912767	0
Sc0000989	32316	0	91471	4112	0.353292300291896	0.0430202023372357	0
Sc0000990	30534	0	91012	4552	0.335494220542346	0.0476329998744297	0
Sc0000991	33394	0	93007	2304	0.359048243680583	0.0241734951894325	0
Sc0000992	31844	0	90012	4668	0.35377505221526	0.0493029150823828	0
Sc0000993	34376	0	94014	367	0.365647669496033	0.00388849450630953	0
Sc0000994	30392	0	82728	11371	0.367372594526642	0.120840816586786	0
Sc0000995	27584	0	79212	13122	0.348230066151593	0.14211449736825	0
Sc0000996	35366	0	91907	3	0.384802028137139	3.26406267000326e-05	0
Sc0000997	33300	0	88826	2948	0.37489023484115	0.0321223876043324	0
Sc0000998	31712	0	85887	4767	0.369229336220848	0.0525845522536237	0
Sc0000999	30078	0	80440	9451	0.373918448533068	0.105138445450601	0
Sc0001000	27284	0	79171	10097	0.344621136527264	0.113108840794014	0
Sc0001001	34087	0	86540	2121	0.393887219782759	0.0239225815183677	0
Sc0001002	26049	0	71689	16061	0.363361185119056	0.183031339031339	0
Sc0001003	29340	0	81518	6073	0.359920508353983	0.0693336073340868	0
Sc0001004	29980	0	77369	9917	0.387493699026742	0.113615012716816	0
Sc0001005	30524	0	81246	5140	0.375698495925953	0.0595003820063436	0
Sc0001006	31754	0	83726	2414	0.379260922533024	0.0280241467378686	0
Sc0001007	32144	0	84500	1208	0.380402366863905	0.0140943669202408	0
Sc0001008	29348	0	85364	145	0.34379832247786	0.00169572793507116	0
Sc0001009	28871	0	79952	3886	0.361104162497498	0.0463512965481047	0
Sc0001010	24611	0	71486	11747	0.344277201130291	0.141133925245996	0
Sc0001011	30170	0	79217	4007	0.380852594771324	0.0481471690858406	0
Sc0001012	26491	0	78510	4370	0.337421984460578	0.052726833976834	0
Sc0001013	26414	0	78336	4351	0.33718852124183	0.0526201216636231	0
Sc0001014	26887	0	81504	534	0.32988564978406	0.00650917867329774	0
Sc0001015	27447	0	80682	1331	0.340187402394586	0.0162291344055211	0
Sc0001016	27278	0	81979	9	0.332743751448542	0.000109772161779773	0
Sc0001017	26914	0	79223	2497	0.339724574934047	0.0305555555555556	0
Sc0001018	29186	0	75462	5605	0.386764199199597	0.0691403407058359	0
Sc0001019	28289	0	78777	1882	0.359102276045039	0.0233327960921906	0
Sc0001020	29196	0	78924	1436	0.369925497947392	0.0178695868591339	0
Sc0001021	25697	0	75254	4582	0.341470220852048	0.0573926549426324	0
Sc0001022	26700	0	77849	1954	0.342971650245989	0.0244852950390336	0
Sc0001023	26131	0	75656	3864	0.34539230199852	0.0485915492957746	0
Sc0001024	24707	0	69194	10297	0.357068531953638	0.1295366771081	0
Sc0001025	23735	0	68287	10789	0.347577137668956	0.136438363093733	0
Sc0001026	26783	0	77825	887	0.344143912624478	0.0112689297692855	0
Sc0001027	28901	0	76735	1408	0.37663386981169	0.0180182485955236	0
Sc0001028	26725	0	75276	2267	0.355026834582071	0.0292353919760649	0
Sc0001029	24973	0	75969	1016	0.328726190946307	0.0131973761122297	0
Sc0001030	26799	0	76817	2	0.348868089094862	2.60352256603184e-05	0
Sc0001031	19659	0	55558	20876	0.353846430757047	0.273124525734621	0
Sc0001032	26125	0	74671	518	0.349868088012749	0.00688930561651305	0
Sc0001033	25466	0	72094	3095	0.353233278774933	0.0411629360677759	0
Sc0001034	26114	0	71465	3576	0.365409641083048	0.0476539491744513	0
Sc0001035	25402	0	73281	1538	0.346638282774525	0.0205562758122937	0
Sc0001036	26218	0	73110	1708	0.358610313226645	0.0228287310540244	0
Sc0001037	25599	0	72244	2522	0.354340844914457	0.0337319102265736	0
Sc0001038	26697	0	71464	3069	0.373572707936863	0.0411763916654368	0
Sc0001039	19635	0	62567	11847	0.313823581121038	0.159203913242132	0
Sc0001040	24721	0	68461	5396	0.36109609850864	0.0730601026307594	0
Sc0001041	26452	0	73786	1	0.35849619168948	1.35525228021196e-05	0
Sc0001042	25938	0	70337	2804	0.368767505011587	0.0383369108981283	0
Sc0001043	23607	0	67106	5836	0.351786725479093	0.080008774094486	0
Sc0001044	24587	0	72201	183	0.340535449647512	0.00252818302387268	0
Sc0001045	24869	0	71860	72	0.346075702755358	0.00100094533726297	0
Sc0001046	25731	0	70479	983	0.365087472864257	0.0137555623967983	0
Sc0001047	23796	0	65065	6169	0.365726581111196	0.0866019035853665	0
Sc0001048	23023	0	64864	5824	0.354942649235323	0.082390221819828	0
Sc0001049	22911	0	70259	0	0.326093454219388	0	0
Sc0001050	22893	0	67384	658	0.339739404012822	0.00967049763381441	0
Sc0001051	23056	0	62522	5160	0.368766194299607	0.0762388818297332	0
Sc0001052	22236	0	64557	2958	0.344439797388354	0.0438124861141968	0
Sc0001053	24107	0	66602	617	0.361956097414492	0.00917895237953555	0
Sc0001054	21314	0	65148	1687	0.327162767851661	0.0252412658038453	0
Sc0001055	22766	0	66166	414	0.344073995707765	0.00621808350856113	0
Sc0001056	21072	0	57682	8886	0.365313269304116	0.133487561591155	0
Sc0001057	22395	0	65180	1173	0.343586989874195	0.01767817581722	0
Sc0001058	21735	0	64042	1974	0.339386652509291	0.0299018419777024	0
Sc0001059	21809	0	64216	1336	0.339619409492961	0.0203807664144496	0
Sc0001060	22819	0	64864	570	0.351797607301431	0.0087110676406761	0
Sc0001061	22981	0	65412	1	0.35132697364398	1.52874810817422e-05	0
Sc0001062	22628	0	65070	126	0.347748578453973	0.00193263390392049	0
Sc0001063	21341	0	63945	1170	0.333739932754711	0.017968210089841	0
Sc0001064	17206	0	51155	13851	0.336350307887792	0.213072639448666	0
Sc0001065	21530	0	60470	4071	0.356044319497271	0.0630761841310175	0
Sc0001066	23351	0	64291	0	0.363207914015959	0	0
Sc0001067	20232	0	58544	4666	0.345586225744739	0.0738174339503243	0
Sc0001068	21804	0	61684	1179	0.353479022112703	0.0187550705502442	0
Sc0001069	22518	0	60112	2619	0.374600745275486	0.0417496931341761	0
Sc0001070	20341	0	59721	1555	0.340600458800087	0.0253769828317775	0
Sc0001071	22497	0	60463	796	0.372078791988489	0.0129940090435691	0
Sc0001072	19702	0	55747	5322	0.353418121154502	0.0871473251567899	0
Sc0001073	23099	0	60926	1	0.379132061845518	1.64130845109721e-05	0
Sc0001074	20445	0	56854	3483	0.359605304815844	0.0577257735717719	0
Sc0001075	23110	0	59062	460	0.391283735735329	0.00772823493834213	0
Sc0001076	19778	0	58997	3	0.335237384951777	5.08474576271186e-05	0
Sc0001077	21397	0	58097	4	0.368297846704649	6.884563088415e-05	0
Sc0001078	21840	0	54987	2004	0.397184789131977	0.0351634468600305	0
Sc0001079	22368	0	56908	2	0.393055457932101	3.51432085749429e-05	0
Sc0001080	17483	0	50194	6576	0.348308562776427	0.115835828782808	0
Sc0001081	17393	0	53193	3575	0.326979113793168	0.0629756200676437	0
Sc0001082	16855	0	42537	13678	0.39624327056445	0.243315840967713	0
Sc0001083	20994	0	54186	1825	0.38744325102425	0.032582885504633	0
Sc0001084	18731	0	50208	5369	0.373068036966221	0.0966047105817155	0
Sc0001085	23026	0	51054	4295	0.451012653269088	0.0775985112648828	0
Sc0001086	17794	0	52777	2450	0.337154442275991	0.0443623589910732	0
Sc0001087	19290	0	53825	1387	0.358383650719926	0.0251213504310657	0
Sc0001088	19079	0	54101	78	0.352655218942349	0.00143967219771498	0
Sc0001089	19724	0	54078	88	0.364732423536373	0.00162463538012776	0
Sc0001090	19061	0	50068	3436	0.380702244946872	0.0642194976076555	0
Sc0001091	18342	0	50215	3249	0.36526934183013	0.0607698638336077	0
Sc0001092	17913	0	47445	5341	0.377552956054379	0.10118213162581	0
Sc0001093	16450	0	46836	5926	0.351225552993424	0.112315681740647	0
Sc0001094	16224	0	46959	5290	0.345492876764837	0.101245956860418	0
Sc0001095	18986	0	51465	2	0.368910910327407	3.88598519439641e-05	0
Sc0001096	18991	0	50843	0	0.373522412131464	0	0
Sc0001097	15883	0	48875	1816	0.324971867007673	0.0358248998836085	0
Sc0001098	17738	0	45038	5294	0.393845197388872	0.105181594214416	0
Sc0001099	17382	0	48213	2013	0.360525169560077	0.0400788436268068	0
Sc0001100	17554	0	47198	3027	0.371922539090639	0.0602687904430065	0
Sc0001101	17783	0	48398	1629	0.36743253853465	0.0325624162952006	0
Sc0001102	16843	0	48086	1322	0.350268269350747	0.0267568005181347	0
Sc0001103	17177	0	47599	349	0.360868925817769	0.00727871861182948	0
Sc0001104	14705	0	42151	5665	0.348864795615762	0.118474987451899	0
Sc0001105	11801	0	38098	8849	0.309753792850018	0.188489147336358	0
Sc0001106	16776	0	45945	931	0.36513222331048	0.0198609096339278	0
Sc0001107	13300	0	36287	10465	0.366522446055061	0.223840691307324	0
Sc0001108	16939	0	46703	0	0.362696186540479	0	0
Sc0001109	15624	0	46315	1	0.33734211378603	2.15908109508593e-05	0
Sc0001110	16465	0	45710	555	0.360205644279151	0.0119961093699341	0
Sc0001111	14460	0	44513	1588	0.324848920540067	0.034446107459708	0
Sc0001112	16498	0	45888	2	0.359527545327755	4.35824798431031e-05	0
Sc0001113	14573	0	42975	2889	0.339104130308319	0.0629905808477237	0
Sc0001114	15463	0	43118	2385	0.35862052970917	0.0524141265411072	0
Sc0001115	12912	0	38294	7166	0.337180759387894	0.157633084029916	0
Sc0001116	14649	0	45358	0	0.322963975483928	0	0
Sc0001117	15560	0	42709	2444	0.364326020276757	0.0541270790423671	0
Sc0001118	17226	0	44027	1084	0.391259908692393	0.0240296158364922	0
Sc0001119	15002	0	41039	3929	0.365554716245523	0.087373243195161	0
Sc0001120	16088	0	42531	2174	0.378265265335873	0.0486299071692204	0
Sc0001121	14206	0	37665	6928	0.377167131288995	0.155360706837396	0
Sc0001122	15042	0	43995	1	0.341902488919195	2.2729339030821e-05	0
Sc0001123	14862	0	42662	1139	0.348366227556139	0.0260039725120431	0
Sc0001124	14418	0	43428	3	0.331997789444598	6.90750846169787e-05	0
Sc0001125	13681	0	37904	4810	0.360938159560996	0.112609448892635	0
Sc0001126	15370	0	41820	817	0.3675274988044	0.019161760911884	0
Sc0001127	13908	0	38304	4265	0.363095238095238	0.100190279311236	0
Sc0001128	15128	0	42276	2	0.357838963005015	4.73059274327073e-05	0
Sc0001129	12337	0	37576	4680	0.328321268895039	0.110753502461189	0
Sc0001130	13807	0	41449	784	0.333108157012232	0.0185636824284327	0
Sc0001131	16803	0	42052	0	0.399576714543898	0	0
Sc0001132	11034	0	30492	11406	0.361865407319953	0.272232564800229	0
Sc0001133	14210	0	41211	495	0.344810851471694	0.0118687958567113	0
Sc0001134	14221	0	40954	0	0.347243248522733	0	0
Sc0001135	14238	0	40368	163	0.352705112960761	0.00402161308627964	0
Sc0001136	14657	0	40321	0	0.363507849507701	0	0
Sc0001137	13872	0	37711	1281	0.367850229376044	0.0328528929011079	0
Sc0001138	12691	0	38214	373	0.332103417595646	0.00966646798144453	0
Sc0001139	11333	0	32904	4899	0.344426209579382	0.129592889453218	0
Sc0001140	13376	0	35335	2445	0.378548181689543	0.064716781365802	0
Sc0001141	13863	0	37342	177	0.371244175459268	0.00471760974439617	0
Sc0001142	14594	0	36921	578	0.395276400964221	0.0154137443665164	0
Sc0001143	11377	0	28918	8352	0.393422781658483	0.224094445935068	0
Sc0001144	13461	0	37184	1	0.362010542168675	2.6892564205997e-05	0
Sc0001145	13603	0	36777	1	0.369877912825951	2.71901680352385e-05	0
Sc0001146	12879	0	33496	2932	0.384493670886076	0.0804875370594049	0
Sc0001147	14280	0	36255	1	0.39387670666115	2.75816416593116e-05	0
Sc0001148	8512	0	22983	12257	0.370360701387982	0.347814982973893	0
Sc0001149	5833	0	17214	18009	0.338852097130243	0.511285239758113	0
Sc0001150	13458	0	33072	2081	0.406930333817126	0.059198361448525	0
Sc0001151	9553	0	27997	6736	0.341215130192521	0.193936602078715	0
Sc0001152	13205	0	34422	0	0.38362094009645	0	0
Sc0001153	11056	0	31726	2560	0.348483893336695	0.0746660444496296	0
Sc0001154	10104	0	31440	2557	0.321374045801527	0.0752125187516546	0
Sc0001155	13506	0	33209	24	0.406696979734409	0.000722173742966329	0
Sc0001156	9191	0	27246	5906	0.337333920575497	0.178149131274131	0
Sc0001157	12279	0	32782	118	0.374565310231224	0.00358662613981763	0
Sc0001158	10736	0	32797	0	0.327347013446352	0	0
Sc0001159	10817	0	27830	4674	0.388681279195113	0.143797686438592	0
Sc0001160	10625	0	32328	2	0.328662459787181	6.18620476337767e-05	0
Sc0001161	10377	0	31918	303	0.325114355536061	0.00940380497191273	0
Sc0001162	10493	0	31335	795	0.33486516674645	0.0247432306255836	0
Sc0001163	10051	0	30979	616	0.324445592175345	0.0194967558157936	0
Sc0001164	10929	0	30749	814	0.355426192721715	0.0257896904603491	0
Sc0001165	9584	0	24820	6702	0.386140209508461	0.212613412854514	0
Sc0001166	10689	0	29271	1951	0.365173721430768	0.0624879892383576	0
Sc0001167	10107	0	30952	0	0.326537865081416	0	0
Sc0001168	11553	0	30761	0	0.375572965768343	0	0
Sc0001169	5638	0	15751	14155	0.35794552726811	0.473316391359593	0
Sc0001170	9665	0	29636	1	0.326123633418815	3.37416067753146e-05	0
Sc0001171	10541	0	29534	1	0.356910679217173	3.38581344167936e-05	0
Sc0001172	9992	0	29455	2	0.339229332880665	6.78955766031843e-05	0
Sc0001173	9423	0	29079	1	0.324048282265552	3.43878954607978e-05	0
Sc0001174	9946	0	27135	1251	0.366537681960568	0.0440710209258085	0
Sc0001175	7225	0	19242	8902	0.375480719259952	0.316301876065947	0
Sc0001176	9972	0	27513	522	0.362446843310435	0.0186195826645265	0
Sc0001177	9280	0	27618	66	0.336012745311029	0.0023840485478977	0
Sc0001178	8729	0	26489	1007	0.329533013703802	0.036623508874018	0
Sc0001179	8554	0	24722	2700	0.346007604562738	0.0984610896360586	0
Sc0001180	9508	0	24003	3271	0.396117152022664	0.119931069883405	0
Sc0001181	9660	0	26534	584	0.364061204492349	0.0215355114683974	0
Sc0001182	12037	0	26880	0	0.44780505952381	0	0
Sc0001183	6979	0	19467	7375	0.358504135203164	0.274755979435213	0
Sc0001184	9281	0	26601	1	0.348896658020375	3.75911585595068e-05	0
Sc0001185	9116	0	25206	680	0.361659922240736	0.0262690257281928	0
Sc0001186	6987	0	20478	5125	0.341195429241137	0.200171854860759	0
Sc0001187	7467	0	22990	2570	0.324793388429752	0.100547730829421	0
Sc0001188	10243	0	25401	0	0.403251840478721	0	0
Sc0001189	8877	0	23049	2267	0.385136014577639	0.0895481118660136	0
Sc0001190	9501	0	25283	0	0.375786101332911	0	0
Sc0001191	9468	0	25065	1	0.377737881508079	3.98946780499481e-05	0
Sc0001192	3619	0	10218	14785	0.354178899980427	0.591329040515138	0
Sc0001193	8634	0	23496	1503	0.367466802860061	0.0601224048961959	0
Sc0001194	6449	0	18324	6560	0.351942807247326	0.263623211702299	0
Sc0001195	8229	0	24757	74	0.332390838954639	0.00298014578551005	0
Sc0001196	8496	0	24267	17	0.350105080974162	0.000700049415252841	0
Sc0001197	8430	0	24168	4	0.348808341608739	0.000165480721495946	0
Sc0001198	6363	0	17217	6648	0.369576581285938	0.278566939032055	0
Sc0001199	8295	0	23673	1	0.350399188949436	4.22404325420292e-05	0
Sc0001200	9732	0	23361	1	0.416591755489919	4.28045544045886e-05	0
Sc0001201	8776	0	22777	318	0.385300961496246	0.0137692141156094	0
Sc0001202	6468	0	17669	5045	0.366064859358198	0.22210971207185	0
Sc0001203	7514	0	22253	393	0.337662337662338	0.0173540581118078	0
Sc0001204	7088	0	21826	531	0.324750297809951	0.0237509504853066	0
Sc0001205	8307	0	21986	0	0.377831347220959	0	0
Sc0001206	7859	0	21825	2	0.360091638029782	9.16296330233197e-05	0
Sc0001207	6639	0	19703	1890	0.336953763386286	0.087528365674061	0
Sc0001208	6103	0	20620	690	0.295974781765276	0.0323791647114031	0
Sc0001209	7412	0	21284	0	0.348242811501597	0	0
Sc0001210	6818	0	20814	440	0.327567983088306	0.0207019855086101	0
Sc0001211	7131	0	21029	3	0.33910314327833	0.000142639786991251	0
Sc0001212	5440	0	14214	6657	0.382721260728859	0.318959321546644	0
Sc0001213	8267	0	20595	1	0.401408108764263	4.85531171101185e-05	0
Sc0001214	6157	0	18685	1795	0.32951565426813	0.087646484375	0
Sc0001215	6875	0	20240	1	0.339673913043478	4.94046736821303e-05	0
Sc0001216	6579	0	18174	1885	0.362000660283922	0.0939727802981205	0
Sc0001217	6904	0	19895	1	0.347021864790148	5.02613590671492e-05	0
Sc0001218	6432	0	16555	3322	0.388523104802175	0.167127836192584	0
Sc0001219	6159	0	18385	1237	0.335001359804188	0.063041484048517	0
Sc0001220	7089	0	18897	676	0.375138910938244	0.034537372911664	0
Sc0001221	9635	0	19538	0	0.493141570273314	0	0
Sc0001222	6555	0	19370	0	0.338409912235416	0	0
Sc0001223	6537	0	15900	3122	0.411132075471698	0.164125749132583	0
Sc0001224	5615	0	17741	1160	0.316498506284877	0.0613724141579811	0
Sc0001225	5872	0	17084	1704	0.343713416061812	0.0906961890568448	0
Sc0001226	4998	0	13291	5239	0.376043939507938	0.282730706961684	0
Sc0001227	5673	0	18431	1	0.307796646953502	5.42534722222222e-05	0
Sc0001228	4977	0	13854	4503	0.359246427024686	0.245301519856186	0
Sc0001229	5921	0	16390	1673	0.361256863941428	0.0926202734872391	0
Sc0001230	5992	0	17413	1	0.344110721874462	5.74250602963133e-05	0
Sc0001231	6719	0	17337	0	0.387552633096845	0	0
Sc0001232	6851	0	17059	1	0.40160619028079	5.86166471277843e-05	0
Sc0001233	6392	0	16013	1023	0.399175669768313	0.060049307349143	0
Sc0001234	4620	0	12221	4600	0.378037803780378	0.273467689198026	0
Sc0001235	6244	0	16712	2	0.373623743417903	0.000119660165131028	0
Sc0001236	5616	0	16232	305	0.345983242976836	0.0184434903549616	0
Sc0001237	5556	0	16362	0	0.33956729006234	0	0
Sc0001238	5339	0	12217	3813	0.43701399688958	0.237866500311915	0
Sc0001239	3830	0	10445	5442	0.36668262326472	0.342544218543463	0
Sc0001240	5329	0	14813	1037	0.359751569567272	0.0654258675078864	0
Sc0001241	5516	0	15367	405	0.358950998893733	0.0256784174486432	0
Sc0001242	5146	0	15768	1	0.326357179096905	6.34155621789587e-05	0
Sc0001243	5553	0	15717	0	0.353311700706242	0	0
Sc0001244	4049	0	11413	3907	0.35477087531762	0.255026109660574	0
Sc0001245	4773	0	15180	0	0.314426877470356	0	0
Sc0001246	4781	0	15052	1	0.317632208344406	6.64319404769813e-05	0
Sc0001247	5383	0	14938	24	0.360356138706654	0.00160406362785724	0
Sc0001248	4779	0	14858	0	0.321644905101629	0	0
Sc0001249	5384	0	14777	0	0.364350003383637	0	0
Sc0001250	4745	0	14737	0	0.321978693085431	0	0
Sc0001251	5620	0	14439	0	0.389223630445322	0	0
Sc0001252	5073	0	14413	2	0.351973912440158	0.000138744363510232	0
Sc0001253	5644	0	14369	1	0.39279003410119	6.9589422407794e-05	0
Sc0001254	5264	0	12530	1783	0.420111731843575	0.124572067351359	0
Sc0001255	3710	0	13420	710	0.27645305514158	0.0502476999292286	0
Sc0001256	4390	0	13224	838	0.331972171808832	0.0595932299815105	0
Sc0001257	5056	0	14016	1	0.360730593607306	7.13419419276593e-05	0
Sc0001258	3145	0	9971	4035	0.315414702637649	0.288090818220763	0
Sc0001259	5392	0	13721	159	0.392974273012171	0.0114553314121037	0
Sc0001260	3964	0	11577	2104	0.342403040511359	0.153789927636869	0
Sc0001261	5996	0	13619	55	0.440267273661796	0.00402223197308761	0
Sc0001262	3767	0	12096	1528	0.311425264550265	0.112155020551967	0
Sc0001263	4363	0	12582	842	0.346765220155778	0.0627234803337306	0
Sc0001264	3447	0	8456	4868	0.407639545884579	0.365355749024317	0
Sc0001265	4622	0	13269	1	0.3483306956063	7.53579502637528e-05	0
Sc0001266	3958	0	11545	1624	0.34283239497618	0.123319917989217	0
Sc0001267	4992	0	13010	0	0.383704842428901	0	0
Sc0001268	3898	0	12761	0	0.305461954392289	0	0
Sc0001269	4127	0	11699	1042	0.352765193606291	0.0817832195275096	0
Sc0001270	4606	0	12696	0	0.362791430371771	0	0
Sc0001271	4820	0	11907	582	0.404803896867389	0.0466010088878213	0
Sc0001272	4412	0	12330	1	0.357826439578264	8.10964236477171e-05	0
Sc0001273	4214	0	12258	0	0.343775493555229	0	0
Sc0001274	4770	0	12186	1	0.391432791728213	8.20546483958316e-05	0
Sc0001275	4456	0	12154	0	0.366628270528221	0	0
Sc0001276	4316	0	12077	26	0.357373519913886	0.00214822771213749	0
Sc0001277	2549	0	7052	4947	0.361457742484402	0.412284357029752	0
Sc0001278	4025	0	11793	23	0.341304163486814	0.00194651320243737	0
Sc0001279	2372	0	6516	5159	0.36402701043585	0.441884368308351	0
Sc0001280	2555	0	6034	5598	0.423433874709977	0.481258596973865	0
Sc0001281	4141	0	11126	354	0.372191263706633	0.0308362369337979	0
Sc0001282	4094	0	11240	2	0.36423487544484	0.000177904287493329	0
Sc0001283	3649	0	10049	1046	0.363120708528212	0.0942767012167643	0
Sc0001284	4677	0	11082	0	0.42203573362209	0	0
Sc0001285	3750	0	10518	554	0.356531660011409	0.0500361271676301	0
Sc0001286	4489	0	10979	25	0.408871481920029	0.00227190112686296	0
Sc0001287	3936	0	10983	0	0.358372029500137	0	0
Sc0001288	3644	0	10959	1	0.332512090519208	9.12408759124088e-05	0
Sc0001289	3879	0	10856	1	0.357313927781872	9.21064750851985e-05	0
Sc0001290	3971	0	10828	0	0.366734392316217	0	0
Sc0001291	3905	0	10732	0	0.363865076407007	0	0
Sc0001292	3573	0	10716	0	0.333426651735722	0	0
Sc0001293	3821	0	10548	0	0.36224876753887	0	0
Sc0001294	4183	0	10482	0	0.399065063919099	0	0
Sc0001295	3794	0	10482	0	0.3619538256058	0	0
Sc0001296	5314	0	10474	2	0.507351537139584	0.000190912562046583	0
Sc0001297	3138	0	7824	2645	0.401073619631902	0.252650682968765	0
Sc0001298	3716	0	10463	0	0.355156264933575	0	0
Sc0001299	3601	0	10271	180	0.350598773245059	0.0172232322265812	0
Sc0001300	2703	0	5731	4669	0.471645437096493	0.448942307692308	0
Sc0001301	3579	0	10273	0	0.348388980823518	0	0
Sc0001302	3618	0	10255	0	0.352803510482691	0	0
Sc0001303	3263	0	10246	1	0.31846574272887	9.75895384014834e-05	0
Sc0001304	3768	0	10230	0	0.368328445747801	0	0
Sc0001305	3542	0	10200	0	0.347254901960784	0	0
Sc0001306	3579	0	10154	1	0.352471932243451	9.84736582964057e-05	0
Sc0001307	3345	0	6590	3553	0.507587253414264	0.350290840974071	0
Sc0001308	3619	0	10060	0	0.359741550695825	0	0
Sc0001309	3173	0	10002	1	0.317236552689462	9.99700089973008e-05	0
Sc0001310	3414	0	9983	0	0.341981368326154	0	0
Sc0001311	3691	0	9983	0	0.369728538515476	0	0
Sc0001312	3360	0	9386	311	0.357979970168336	0.0320717747757038	0
Sc0001313	3531	0	9659	0	0.36556579356041	0	0
Sc0001314	3983	0	8693	807	0.458184746347636	0.0849473684210526	0
Sc0001315	3422	0	9484	0	0.36081822016027	0	0
Sc0001316	3629	0	9484	0	0.382644453816955	0	0
Sc0001317	3289	0	9484	0	0.346794601433994	0	0
Sc0001318	3490	0	9294	176	0.375511082418765	0.018585005279831	0
Sc0001319	2281	0	6297	3123	0.362235985389868	0.331528662420382	0
Sc0001320	1813	0	4327	5085	0.418996995608967	0.540267743306417	0
Sc0001321	3192	0	9250	1	0.345081081081081	0.000108096422008432	0
Sc0001322	3340	0	9222	0	0.362177401865105	0	0
Sc0001323	3515	0	8984	0	0.391251113089938	0	0
Sc0001324	3323	0	8912	0	0.372868043087971	0	0
Sc0001325	3192	0	8811	0	0.36227442969016	0	0
Sc0001326	3363	0	8776	0	0.38320419325433	0	0
Sc0001327	2610	0	8716	0	0.299449288664525	0	0
Sc0001328	3355	0	8499	12	0.3947523238028	0.0014099400775467	0
Sc0001329	2918	0	8365	0	0.348834429169157	0	0
Sc0001330	2675	0	8256	0	0.324006782945736	0	0
Sc0001331	2800	0	8139	1	0.344022607199902	0.000122850122850123	0
Sc0001332	3035	0	8101	0	0.374645105542526	0	0
Sc0001333	2896	0	8053	0	0.359617533838321	0	0
Sc0001334	2883	0	7918	1	0.364107097751958	0.000126278570526582	0
Sc0001335	2462	0	7710	0	0.319325551232166	0	0
Sc0001336	2463	0	7710	0	0.319455252918288	0	0
Sc0001337	2502	0	7421	248	0.337151327314378	0.0323379840917981	0
Sc0001338	2456	0	6227	1440	0.394411434077405	0.187817920959958	0
Sc0001339	2232	0	7627	0	0.292644552248591	0	0
Sc0001340	2855	0	7608	0	0.375262881177708	0	0
Sc0001341	2231	0	6588	825	0.338646023072253	0.111290975313638	0
Sc0001342	2541	0	7283	0	0.348894686255664	0	0
Sc0001343	2594	0	7255	18	0.357546519641626	0.00247490719098034	0
Sc0001344	2545	0	7167	0	0.35509976280173	0	0
Sc0001345	2249	0	6942	0	0.323970037453184	0	0
Sc0001346	751	0	2664	4256	0.281906906906907	0.615028901734104	0
Sc0001347	2189	0	6843	0	0.319888937600468	0	0
Sc0001348	3048	0	6841	2	0.445548896360181	0.000292269472453602	0
Sc0001349	2465	0	6749	0	0.365239294710327	0	0
Sc0001350	2346	0	6678	0	0.351302785265049	0	0
Sc0001351	2421	0	6627	0	0.365323675871435	0	0
Sc0001352	2341	0	6616	0	0.353839177750907	0	0
Sc0001353	673	0	1816	4766	0.370594713656388	0.724096019446977	0
Sc0001354	2555	0	5760	817	0.443576388888889	0.124220769347727	0
Sc0001355	2242	0	6577	0	0.340884901930972	0	0
Sc0001356	1837	0	4748	1820	0.386899747262005	0.277101096224117	0
Sc0001357	2039	0	6488	1	0.314272503082614	0.000154106950223455	0
Sc0001358	2835	0	6487	0	0.437027901957762	0	0
Sc0001359	2527	0	6412	0	0.39410480349345	0	0
Sc0001360	1322	0	3219	3191	0.410686548617583	0.497815912636505	0
Sc0001361	2164	0	6289	0	0.344092860550167	0	0
Sc0001362	2449	0	5858	230	0.418060771594401	0.0377792378449409	0
Sc0001363	2654	0	6052	0	0.438532716457369	0	0
Sc0001364	2119	0	5897	0	0.359335255214516	0	0
Sc0001365	1893	0	5879	0	0.3219935363157	0	0
Sc0001366	2255	0	5801	1	0.38872608171005	0.000172354360565322	0
Sc0001367	2012	0	5790	0	0.347495682210708	0	0
Sc0001368	1887	0	5772	1	0.326923076923077	0.000173220162826953	0
Sc0001369	2060	0	5713	0	0.36058113075442	0	0
Sc0001370	2113	0	5695	0	0.371027216856892	0	0
Sc0001371	2532	0	5688	0	0.445147679324895	0	0
Sc0001372	2158	0	5687	0	0.379461930719184	0	0
Sc0001373	2035	0	5165	463	0.393998063891578	0.0822672352523099	0
Sc0001374	2263	0	5591	0	0.404757646217135	0	0
Sc0001375	2429	0	5590	0	0.434525939177102	0	0
Sc0001376	1871	0	5189	250	0.360570437463866	0.0459643316786174	0
Sc0001377	1762	0	5346	3	0.329592218481107	0.000560852495793606	0
Sc0001378	1816	0	5239	70	0.346631036457339	0.0131851572800904	0
Sc0001379	1689	0	5225	0	0.323253588516746	0	0
Sc0001380	1812	0	5199	0	0.348528563185228	0	0
Sc0001381	1637	0	5092	0	0.321484681853888	0	0
Sc0001382	1715	0	4954	0	0.346184901090028	0	0
Sc0001383	1312	0	4748	204	0.276326874473462	0.0411954765751212	0
Sc0001384	1830	0	4536	0	0.403439153439153	0	0
Sc0001385	1134	0	3676	833	0.308487486398259	0.1847416278554	0
Sc0001386	1341	0	4508	0	0.297471162377995	0	0
Sc0001387	265	0	919	3578	0.28835690968444	0.795641538803647	0
Sc0001388	1991	0	4409	0	0.451576321161261	0	0
Sc0001389	1779	0	4167	118	0.426925845932325	0.0275379229871645	0
Sc0001390	1553	0	4223	0	0.367748046412503	0	0
Sc0001391	493	0	1028	2944	0.479571984435798	0.741188318227593	0
Sc0001392	1697	0	3743	0	0.453379641998397	0	0
Sc0001393	1071	0	3611	2	0.296593741345888	0.000553556601162469	0
Sc0001394	941	0	2484	1107	0.378824476650564	0.308270676691729	0
Sc0001395	1142	0	3444	0	0.331591173054588	0	0
Sc0001396	1106	0	3386	0	0.32663910218547	0	0
Sc0001397	1128	0	2605	716	0.433013435700576	0.215597711532671	0
Sc0001398	1011	0	3148	1	0.321156289707751	0.000317561130517625	0
Sc0001399	1122	0	3111	0	0.360655737704918	0	0
Sc0001400	1029	0	2844	0	0.361814345991561	0	0
Sc0001401	825	0	2638	0	0.312736921910538	0	0
Sc0001402	922	0	2607	0	0.353663214422708	0	0
Sc0001403	675	0	2419	0	0.27904092600248	0	0
Sc0001404	556	0	1679	682	0.331149493746278	0.288860652265989	0
Sc0001405	136	0	295	1985	0.461016949152542	0.870614035087719	0
Sc0001406	544	0	1723	475	0.315728380731283	0.216105550500455	0
Sc0001407	810	0	2198	0	0.368516833484986	0	0
Sc0001408	72	0	198	1897	0.363636363636364	0.905489260143198	0
